-7.4442,9.3648,1
-6.3734,12.492,1
-9.8397,8.742,1
-0.75338,11.278,1
-4.362,13.477,1
-8.2716,9.7801,1
-5.3688,9.7443,1
-3.4431,12.525,1
-6.2046,13.415,1
-7.319,3.9167,1
-4.8881,7.9198,1
-5.0344,8.083,1
-5.3177,13.651,1
-7.9305,9.6222,1
-6.3635,13.976,1
-9.202,7.0184,1
-6.3888,12.284,1
-7.7338,9.5837,1
-1.7599,11.467,1
-1.9779,12.027,1
-4.3093,8.3474,1
-10.196,10.212,1
-6.1901,11.894,1
-5.7192,10.468,1
-6.5274,12.624,1
-6.1724,11.692,1
-10.074,9.2319,1
-9.1161,6.8281,1
-8.7189,6.0365,1
-6.7301,3.2616,1
-4.2489,7.7093,1
-5.1432,13.677,1
-9.7858,9.9047,1
-5.7441,11.968,1
-9.7601,10.113,1
-6.0056,11.061,1
-9.9093,9.9654,1
-2.3294,12.063,1
-4.7201,13.409,1
-4.9352,13.335,1
-6.3829,11.994,1
-6.4451,13.724,1
-6.6404,13.252,1
-4.8879,13.337,1
-0.41633,10.722,1
-6.0886,13.187,1
-7.8661,9.2489,1
-6.7383,8.9928,1
-3.9041,7.456,1
-3.6059,12.985,1
-9.8495,9.8276,1
-0.8034,11.171,1
-9.7648,10.073,1
-9.6672,8.1809,1
-4.2083,7.4127,1
-6.2537,12.698,1
-6.6701,13.754,1
-9.8282,10.183,1
-10.249,10.045,1
-6.7761,13.376,1
-7.8456,9.5469,1
-9.5674,9.9635,1
-9.8903,10.277,1
-8.5079,5.7479,1
-9.063,6.2806,1
-9.7321,8.1261,1
-9.8303,9.9941,1
-6.3756,12.338,1
-6.2606,14.081,1
-4.8971,13.664,1
-7.0194,9.2088,1
-6.9005,13.86,1
-7.9104,9.7528,1
-8.7436,6.3033,1
-9.8453,8.882,1
-10.139,9.5894,1
-9.7726,9.5406,1
-10.364,10.087,1
-9.9762,10.037,1
-2.9071,12.519,1
-3.7441,12.983,1
-9.8781,9.7651,1
-9.6908,10.21,1
-8.2148,5.4569,1
-5.4795,10.438,1
-4.4351,12.988,1
-5.1165,9.3816,1
-7.269,9.4928,1
-4.6727,8.4596,1
-4.5816,8.5245,1
-5.5409,13.442,1
-4.8912,8.0731,1
-6.8236,13.137,1
-6.8181,9.1685,1
-8.2944,5.2148,1
-10.009,8.4972,1
-4.7326,13.235,1
-0.17748,10.651,1
-7.2066,9.4772,1
-4.2152,7.9727,1
-6.1791,8.8846,1
-1.7014,11.672,1
-10.261,9.571,1
-3.3109,6.9094,1
-3.9259,13.031,1
-5.2842,9.9788,1
-8.0793,9.7898,1
-5.7809,13.197,1
-8.402,5.8679,1
-2.1364,12.117,1
-8.9037,6.5458,1
-3.7619,13.034,1
-6.0161,13.707,1
-4.7647,13.27,1
-3.0507,12.405,1
-6.0249,10.816,1
-0.39514,10.715,1
-5.518,10.244,1
-2.0085,12.019,1
-5.3463,13.367,1
-0.84009,11.237,1
-2.7083,12.149,1
-6.2859,12.863,1
-9.8571,9.7239,1
-7.7706,4.3834,1
-9.5893,7.9025,1
-6.5979,12.442,1
-9.113,6.7208,1
-8.7818,6.9767,1
-9.562,9.6031,1
-4.7053,8.8299,1
-9.4063,6.9563,1
-6.3708,12.009,1
-3.9227,7.4182,1
-8.8233,6.1513,1
-9.7614,7.9244,1
-5.3474,13.498,1
-8.4858,5.4116,1
-9.8037,10.18,1
-4.269,7.6376,1
-10.285,9.7243,1
-5.9633,8.7335,1
-8.5018,5.5594,1
-2.1395,12.101,1
-4.0336,8.1243,1
-5.1957,9.5923,1
-9.038,9.7389,1
-8.1417,10.022,1
-6.0404,11.891,1
-5.4286,13.35,1
-9.2877,7.6361,1
-6.2899,13.322,1
-6.1898,13.839,1
-9.509,8.8944,1
-1.0332,11.407,1
-6.2651,13.731,1
-7.8319,4.8264,1
-7.9317,4.8961,1
-4.2421,13.313,1
-6.377,12.919,1
-6.0519,13.045,1
-4.6773,13.089,1
-5.0489,13.413,1
-9.072,7.524,1
-6.2133,13.715,1
-5.4091,10.122,1
-6.662,12.735,1
-4.8065,7.8778,1
-6.7268,13.347,1
-9.4705,7.2818,1
-4.097,13.164,1
-1.5749,11.821,1
-6.6495,13.888,1
-7.9914,4.8321,1
-9.2793,7.3283,1
-3.335,6.8475,1
-9.8116,10.471,1
-5.0916,13.05,1
-9.2034,9.9928,1
-5.6327,13.527,1
-8.9485,6.5244,1
-5.6842,13.081,1
-9.9873,9.2755,1
-5.8974,10.925,1
-0.70376,11.221,1
-9.038,10.03,1
-7.8308,4.5934,1
-9.5063,10.158,1
-2.2283,12.046,1
-8.9543,6.5921,1
-7.3914,9.2822,1
-8.4963,10.311,1
-8.9556,6.3567,1
-5.1139,13.37,1
-6.7994,9.0292,1
-8.1959,9.6652,1
-4.1073,7.4174,1
-9.529,10.2,1
-10.118,8.9544,1
-8.3666,9.9759,1
-2.4473,12.241,1
-6.0294,13.666,1
-6.0639,11.561,1
-7.2082,9.2546,1
-5.7978,13.082,1
-9.041,9.384,1
-4.9855,13.371,1
-6.5572,12.507,1
-6.8816,8.8942,1
-10.066,9.7759,1
-10.146,8.2647,1
-8.4608,9.9789,1
-9.1311,9.7077,1
-5.6681,11.699,1
-6.2158,11.303,1
-6.2235,13.288,1
-8.1033,9.6053,1
-6.1156,13.972,1
-3.6858,7.2919,1
-5.0973,9.6022,1
-6.5565,13.819,1
-5.7018,8.5587,1
-5.7301,10.219,1
-5.4476,10.116,1
-4.5987,13.362,1
-6.2406,12.44,1
-9.4628,7.8304,1
-7.6767,4.2886,1
-1.4319,11.617,1
-5.4562,13.89,1
-6.7398,13.021,1
-5.1409,10.042,1
-1.1441,11.447,1
-0.88516,11.221,1
-7.0383,9.1468,1
-8.5441,9.7534,1
-2.2362,12.072,1
-5.3929,8.3245,1
-9.4541,9.7925,1
-6.6366,12.946,1
-10.21,9.542,1
-9.5959,9.8231,1
-4.9174,9.2808,1
-7.7105,4.5286,1
-9.7743,8.4431,1
-5.8338,8.7086,1
-5.1556,9.6279,1
-7.8477,4.4457,1
-9.9489,8.1051,1
-6.9274,9.0201,1
-4.5062,7.7669,1
-2.368,11.839,1
-6.4446,13.58,1
-5.8786,11.094,1
-5.0614,8.9884,1
-9.6008,8.357,1
-10.08,9.5075,1
-9.0496,9.9584,1
-9.9223,8.6995,1
-4.7014,13.37,1
-6.5321,9.0355,1
-5.9752,13.207,1
-1.7819,11.708,1
-4.0044,7.7943,1
-6.5113,12.579,1
-5.8923,11.19,1
-3.2767,12.834,1
-3.5254,12.718,1
-8.2545,5.0032,1
-0.1442,10.741,1
-2.3023,12.04,1
-5.0626,13.584,1
-10.061,10.481,1
-6.0681,13.444,1
-5.2365,9.7542,1
-9.8333,8.9703,1
-5.9622,12.224,1
-1.65,11.751,1
-9.0224,6.8551,1
-5.5673,13.035,1
-6.3755,12.259,1
-4.5266,8.7233,1
-6.7038,13.532,1
-4.2516,8.2715,1
-5.0636,9.4109,1
-5.8283,10.967,1
-6.8434,3.4925,1
-7.7397,4.6269,1
-1.5455,11.672,1
-7.2962,3.771,1
-8.4,5.7225,1
-3.023,12.537,1
-5.4625,10.089,1
-5.2171,8.1774,1
-9.8467,8.6705,1
-2.5938,12.444,1
-7.3156,9.5959,1
-2.9033,12.807,1
-5.1034,13.307,1
-6.6093,12.851,1
-2.06,12.08,1
-9.6864,9.4531,1
-5.3924,8.3197,1
-9.5793,7.4355,1
-9.2047,9.8854,1
-8.2485,9.7032,1
-3.2364,12.648,1
-5.5403,10.507,1
-9.8295,8.1532,1
-9.4721,10.117,1
-5.3692,13.364,1
-5.5448,10.082,1
-8.672,9.9054,1
-9.1905,10.384,1
-2.7372,12.377,1
-7.955,9.5483,1
-8.8371,6.3056,1
-7.5751,4.2292,1
-8.8608,9.943,1
-9.2563,7.1827,1
-10.144,9.1015,1
-1.4682,11.755,1
-8.4635,9.9853,1
-6.7348,12.254,1
-6.2015,13.306,1
-5.6164,8.4828,1
-9.9117,7.9918,1
-7.6114,9.4474,1
-10.021,10.21,1
-7.0299,9.3307,1
-9.0252,6.724,1
-9.9199,8.7291,1
-9.9486,8.9495,1
-6.062,10.981,1
-9.0322,6.8357,1
-1.9623,11.734,1
-7.7472,4.3547,1
-10.042,9.3224,1
-5.9701,10.74,1
-5.5328,13.127,1
-10.12,10.017,1
-6.2765,8.7577,1
-9.1263,10.235,1
-9.4034,10.038,1
-8.9828,6.513,1
-6.1917,12.928,1
-7.7403,4.4784,1
-9.4919,8.1886,1
-6.5406,9.187,1
-9.7289,8.2307,1
-4.8237,9.1232,1
-1.3095,11.536,1
-10.172,9.9587,1
-6.3638,12.619,1
-9.625,9.4998,1
-2.9868,12.421,1
-5.3364,12.64,1
-5.4798,9.7797,1
-9.9653,9.6622,1
-6.0877,12.652,1
-3.6921,12.609,1
-9.4363,7.3834,1
-6.4548,12.444,1
-5.7452,8.6701,1
-5.969,13.147,1
-1.8556,11.783,1
-10.184,9.6372,1
-8.0522,9.982,1
-0.25169,10.778,1
-5.8195,10.337,1
-5.3793,8.2754,1
-1.8888,11.722,1
-3.293,12.463,1
-4.0671,12.935,1
-4.1533,13.077,1
-8.4362,9.9796,1
-3.0848,12.541,1
-9.7858,8.9915,1
-6.2639,13.921,1
-6.7253,13.727,1
-8.4792,9.9097,1
-6.4011,12.932,1
-9.0661,7.1104,1
-6.5234,12.252,1
-3.4889,7.0363,1
-3.6372,12.98,1
-3.6007,7.1835,1
-10.238,9.3682,1
-8.5751,5.462,1
-8.8249,6.1935,1
-6.3921,12.583,1
-4.3825,12.891,1
-8.7525,6.0699,1
-4.7764,9.0123,1
-9.8038,8.4839,1
-8.9951,6.5564,1
-9.5978,9.9365,1
-0.78478,11.307,1
-4.98,7.9772,1
-6.7573,13.259,1
-8.0132,9.7454,1
-6.311,11.901,1
-2.3743,12.075,1
-7.3663,4.0287,1
-4.1618,13.169,1
-6.5595,12.501,1
-9.8237,8.2199,1
-7.3116,9.5162,1
-8.5274,10.186,1
-3.9696,7.4604,1
-9.9309,9.1791,1
-10.096,9.3328,1
-6.3067,8.8588,1
-0.92239,11.234,1
-2.5358,12.168,1
-6.4571,8.9656,1
-6.6341,12.58,1
-4.1193,7.6684,1
-5.6754,10.644,1
-5.7537,13.431,1
-3.2576,12.474,1
-9.511,7.3405,1
-7.514,9.4593,1
-0.90362,11.445,1
-4.7773,8.9643,1
-6.612,12.088,1
-3.7685,7.2676,1
-4.8841,8.8958,1
-10.193,10.421,1
-8.3755,9.82,1
-6.4804,13.23,1
-6.497,13.08,1
-4.7912,13.149,1
-6.6805,12.883,1
-9.6175,10.02,1
-9.3462,10.171,1
-5.8564,13.02,1
-6.9493,13.787,1
-5.1239,9.4583,1
-6.3374,11.81,1
-9.9693,9.297,1
-10.128,10.249,1
-4.8809,9.0043,1
-9.1554,7.1194,1
-9.9101,9.7951,1
-8.0861,9.7966,1
-3.5324,13.052,1
-4.8319,7.8513,1
-5.0476,13.573,1
-9.5384,10.293,1
-4.6551,8.7931,1
-6.6398,13.351,1
-7.0722,13.454,1
-5.3603,8.4161,1
-7.3623,3.986,1
-9.7482,8.6422,1
-2.1447,11.774,1
-6.8651,13.053,1
-6.1639,13.692,1
-2.4731,12.295,1
-1.2709,11.668,1
-0.47013,10.963,1
-7.9865,9.5146,1
-4.3948,8.2604,1
-4.168,7.647,1
-5.495,13.99,1
-5.3701,9.9298,1
-4.2883,7.6797,1
-8.5232,6.2226,1
-8.3775,5.5181,1
-9.8142,8.3315,1
-5.3152,13.421,1
-3.2831,12.58,1
-9.9151,9.9874,1
-4.4596,13.17,1
-10.379,10.62,1
-6.0713,11.157,1
-7.0207,3.638,1
-6.4914,12.966,1
-3.8416,7.4942,1
-9.492,7.5905,1
-1.2178,11.212,1
-8.4388,5.5887,1
-9.2882,10.127,1
-10.267,9.9492,1
-5.1919,13.207,1
-3.9508,7.7202,1
-6.0822,11.779,1
-6.0895,11.305,1
-6.3625,13.034,1
-7.7547,4.2947,1
-6.3094,11.981,1
-5.398,13.657,1
-6.1227,12.202,1
-6.2294,13.362,1
-5.5244,13.586,1
-5.8244,8.5766,1
-1.8233,11.784,1
-9.6991,10.034,1
-1.469,11.578,1
-4.7072,9.0555,1
-9.1313,9.2534,1
-6.2954,11.973,1
-3.6404,12.954,1
-3.9347,12.872,1
-9.6479,8.85,1
-6.6028,12.425,1
-5.8164,8.5265,1
-6.7768,13.803,1
-10.104,8.9187,1
-5.6512,8.2757,1
-7.9109,4.7317,1
-9.8434,9.8302,1
-7.7607,4.5496,1
-3.0884,12.661,1
-6.2254,8.8776,1
-6.5707,12.721,1
-6.4863,14.028,1
-9.662,7.5752,1
-6.6371,13.054,1
-8.7062,9.8386,1
-1.3744,11.716,1
-4.3919,7.7476,1
-7.2607,3.8223,1
-1.4189,11.634,1
-5.9055,10.936,1
-5.854,13.72,1
-6.3797,11.667,1
-6.4473,12.098,1
-1.4604,11.561,1
-10.776,10.292,1
-5.652,13.508,1
-6.927,13.103,1
-3.3855,12.618,1
-2.5391,12.307,1
-5.2268,13.742,1
-3.0847,12.464,1
-8.821,9.8811,1
-4.1739,13.086,1
-1.4181,11.721,1
-1.3739,11.418,1
-6.2108,11.859,1
-9.0341,6.4691,1
-9.0979,6.6838,1
-7.7882,9.4397,1
-7.5497,4.5623,1
-6.8739,9.3371,1
-5.9486,13.106,1
-5.7888,10.357,1
-9.68,7.6932,1
-5.0301,9.2837,1
-5.1795,13.403,1
-10.03,9.1383,1
-9.8544,9.4587,1
-7.2963,9.344,1
-4.8855,8.9754,1
-3.8456,7.5485,1
-10.173,8.9721,1
-0.98832,11.29,1
-8.6139,9.7658,1
-1.4263,11.74,1
-5.8265,10.799,1
-6.5405,12.118,1
-10.173,8.6109,1
-6.1719,13.205,1
-4.4797,8.3053,1
-10.296,9.5566,1
-10.063,10.34,1
-9.6974,8.4307,1
-9.7389,8.4281,1
-9.4117,7.7117,1
-9.9945,8.6724,1
-6.4059,12.717,1
-3.4689,12.794,1
-2.1498,12.048,1
-6.2715,11.696,1
-8.8275,6.5436,1
-8.8263,6.308,1
-7.6111,9.3266,1
-6.7476,12.457,1
-10.309,9.328,1
-6.4486,12.348,1
-9.7467,7.8137,1
-10.163,10.466,1
-4.795,7.866,1
-7.8938,9.8251,1
-5.7293,13.049,1
-5.2951,13.946,1
-8.9421,10.113,1
-5.5784,10.546,1
-7.8842,9.7645,1
-3.7131,7.3688,1
-0.36554,10.709,1
-4.3867,13.348,1
-10.115,9.4525,1
-9.8007,10.366,1
-10.07,8.4321,1
-10.102,10.157,1
-10.257,9.9565,1
-9.2633,7.2113,1
-9.4885,9.9075,1
-9.1413,10.079,1
-1.1901,11.494,1
-8.5891,9.9306,1
-9.5157,9.799,1
-8.3822,5.4781,1
-7.9035,4.8767,1
-4.8259,13.155,1
-2.1605,11.998,1
-3.3405,12.782,1
-9.7852,10.379,1
-6.2881,13.899,1
-5.5089,13.42,1
-8.463,5.7054,1
-5.633,13.831,1
-4.314,13.285,1
-8.4403,9.9809,1
-4.9595,8.115,1
-6.5358,13.156,1
-7.3984,9.5416,1
-10.064,8.7902,1
-9.5798,7.863,1
-6.1485,12.992,1
-6.3352,12.958,1
-9.574,7.6153,1
-8.9466,9.5308,1
-6.7662,13.183,1
-2.458,12.221,1
-9.4542,10.202,1
-5.1543,9.2311,1
-4.4931,8.6361,1
-9.7705,8.3564,1
-9.7355,10.018,1
-3.7726,7.3055,1
-6.7125,12.949,1
-5.3766,13.607,1
-4.5174,8.296,1
-9.5955,8.9844,1
-5.9679,11.637,1
-5.8698,11.113,1
-10.404,9.9442,1
-5.2532,13.799,1
-5.7689,14.104,1
-5.5762,13.217,1
-6.4369,13.838,1
-4.577,7.6301,1
-9.6482,9.834,1
-7.7726,4.4492,1
-9.872,8.1486,1
-9.2232,9.9752,1
-3.6887,12.774,1
-7.9181,4.7331,1
-1.9297,11.981,1
-7.5431,9.7058,1
-5.1466,9.4353,1
-7.8843,4.6813,1
-2.0793,12.058,1
-6.4102,12.987,1
-5.7391,13.783,1
-5.4403,13.21,1
-4.4507,8.4719,1
-9.1077,6.9066,1
-7.1412,9.0726,1
-3.613,12.765,1
-4.7796,13.241,1
-6.1545,11.573,1
-10.391,9.5193,1
-5.9351,12.849,1
-4.6453,7.9877,1
-6.0877,12.276,1
-3.7398,13.01,1
-6.2343,12.5,1
-6.8773,12.478,1
-10.188,9.602,1
-9.0818,6.4936,1
-6.6845,13.779,1
-10.21,10.172,1
-4.6949,7.9389,1
-2.6024,12.493,1
-7.8897,5.0591,1
-6.2853,8.7171,1
-1.0621,11.448,1
-3.8783,13.019,1
-5.3575,8.3857,1
-3.8681,7.3431,1
-6.4702,12.983,1
-5.6659,13.449,1
-9.3087,9.9376,1
-5.7537,11.085,1
-5.0916,13.318,1
-6.4406,12.3,1
-4.5565,13.528,1
-4.8971,13.387,1
-5.778,10.79,1
-10.391,9.9992,1
-6.6992,12.966,1
-5.8496,8.7006,1
-6.2833,13.611,1
-5.797,13.71,1
-9.2142,7.9506,1
-9.4994,7.613,1
-5.2221,9.6231,1
-10.345,9.4895,1
-9.5641,7.5953,1
-10.396,10.051,1
-9.6365,10.222,1
-9.8313,9.3199,1
-9.896,7.9379,1
-7.9982,4.7749,1
-9.1978,7.2275,1
-6.1967,13.763,1
-7.682,4.1887,1
-10.301,9.95,1
-4.5618,13.385,1
-9.7303,8.1336,1
-6.7276,13.855,1
-6.3412,12.39,1
-6.158,11.212,1
-8.1485,9.7119,1
-7.2674,3.8003,1
-6.7043,12.527,1
-9.4415,9.7238,1
-7.0592,13.071,1
-10.04,9.0829,1
-6.3224,12.814,1
-3.1,12.439,1
-5.8508,11.967,1
-8.9021,9.6925,1
-5.5819,9.966,1
-4.4419,8.5147,1
-3.9816,7.6196,1
-5.1931,9.9428,1
-6.8045,9.1548,1
-5.6448,13.642,1
-8.9809,9.7578,1
-9.2142,7.1625,1
-8.7484,5.8017,1
-9.9974,8.8175,1
-6.4492,12.98,1
-6.6614,9.2252,1
-6.4908,12.334,1
-4.9774,13.516,1
-5.4692,10.099,1
-5.7029,13.59,1
-9.8637,8.3271,1
-6.9243,13.244,1
-5.9877,13.722,1
-5.8999,13.833,1
-10.041,9.4621,1
-6.1654,12.469,1
-2.7727,12.543,1
-6.0742,11.164,1
-6.2044,13.701,1
-5.906,8.7877,1
-7.9242,4.7897,1
-6.3912,8.8152,1
-6.0422,13.175,1
-10.154,9.3398,1
-4.4272,8.2542,1
-7.4491,9.4805,1
-6.6717,13.17,1
-2.8833,12.294,1
-3.7694,12.883,1
-4.0243,7.8065,1
-9.6997,8.3371,1
-6.0786,12.498,1
-9.533,9.9308,1
-5.195,9.6258,1
-9.8989,9.5358,1
-5.8007,10.773,1
-6.2225,13.361,1
-4.2982,7.8734,1
-6.7183,13.347,1
-5.2996,10.139,1
-6.1489,13.607,1
-4.2066,8.1133,1
-6.6467,8.9552,1
-6.9623,9.5403,1
-9.1015,10.066,1
-9.5509,9.4725,1
-9.7527,8.0803,1
-4.1696,12.805,1
-5.2637,8.4126,1
-7.6696,4.5912,1
-6.5274,12.599,1
-7.8338,4.697,1
-6.9477,3.4266,1
-6.2396,11.74,1
-4.1224,7.4304,1
-10.024,8.9045,1
-6.8616,13.224,1
-3.7843,13.079,1
-5.5957,10.319,1
-10.122,8.7055,1
-6.5063,12.289,1
-5.8617,10.793,1
-9.6576,8.3465,1
-9.2848,9.7249,1
-8.425,9.7093,1
-0.35245,10.777,1
-5.8172,10.701,1
-6.9907,9.1707,1
-8.8261,9.6578,1
-3.3854,13.037,1
-7.7037,9.3126,1
-8.8924,6.5774,1
-8.4293,9.8848,1
-9.7812,8.991,1
-8.2518,5.1669,1
-9.8488,9.9615,1
-4.3081,13.131,1
-6.0212,11.697,1
-5.1238,9.3527,1
-9.6098,10.252,1
-6.8101,13.449,1
-5.2317,8.0536,1
-4.1582,7.8245,1
-10.392,9.5569,1
-5.941,12.824,1
-9.3321,10.217,1
-10.104,8.7409,1
-10.03,9.5284,1
-8.7733,6.2358,1
-4.0188,13.248,1
-9.9856,7.8921,1
-9.6289,9.9229,1
-10.113,9.4727,1
-9.5865,9.8545,1
-6.3723,12.801,1
-4.5981,7.7466,1
-9.0608,6.3617,1
-4.8417,8.104,1
-7.55,9.5015,1
-5.8797,10.964,1
-8.1684,5.0102,1
-4.5815,8.5637,1
-6.6139,9.1295,1
-9.2687,7.2388,1
-4.3625,8.3755,1
-7.9972,9.523,1
-8.9138,9.5524,1
-9.871,9.508,1
-9.9368,10.426,1
-9.2804,10.133,1
-1.959,11.908,1
-6.2994,12.391,1
-9.8802,8.0106,1
-4.0454,13.166,1
-6.6454,13.076,1
-9.7347,10.13,1
-4.488,8.2903,1
-5.6451,10.951,1
-8.4163,9.7667,1
-9.7192,8.8245,1
-6.5784,12.378,1
-4.017,7.4925,1
-9.4209,7.1135,1
-7.56,4.1767,1
-4.9474,9.3254,1
-3.1596,12.478,1
-3.7776,13.203,1
-4.3383,13.31,1
-8.8499,10.168,1
-6.2731,11.585,1
-9.3394,9.9794,1
-7.8577,4.6207,1
-7.5853,4.3599,1
-6.3791,11.992,1
-0.94879,11.148,1
-7.4857,4.5084,1
-9.1111,6.6538,1
-7.1838,3.7725,1
-4.8249,8.5706,1
-5.4586,13.561,1
-9.5579,7.9675,1
-8.7779,6.0134,1
-9.0886,10.23,1
-5.5233,10.061,1
-9.0384,6.7804,1
-9.5528,7.5859,1
-5.5786,10.36,1
-1.9274,11.881,1
-9.2073,10.344,1
-5.4871,13.469,1
-5.5029,8.2398,1
-6.5427,13.394,1
-3.1213,12.54,1
-1.6391,11.724,1
-4.6713,7.7117,1
-9.7877,8.1676,1
-5.5096,8.5663,1
-5.7629,10.864,1
-6.8506,9.4137,1
-9.6709,8.9903,1
-5.4378,13.886,1
-9.7386,8.2645,1
-8.1577,9.7797,1
-4.4486,13.176,1
-7.3967,9.356,1
-9.3774,10.306,1
-8.699,10.115,1
-7.8173,9.7137,1
-9.174,10.336,1
-3.7666,7.1061,1
-5.3956,13.55,1
-9.4567,10.094,1
-2.3867,12.41,1
-4.8169,8.9403,1
-2.5023,12.173,1
-5.8695,13.2,1
-9.6651,7.9262,1
-9.429,7.355,1
-6.3831,11.837,1
-5.9559,13.48,1
-9.9496,8.9226,1
-9.6567,9.3668,1
-6.0341,8.8637,1
-9.531,8.5483,1
-8.2204,5.4401,1
-10.22,11.155,1
-4.8962,7.9269,1
-3.794,12.994,1
-7.3687,3.9776,1
-6.2015,8.5898,1
-7.9295,4.9661,1
-6.3977,12.222,1
-5.0848,9.4575,1
-7.2959,3.8913,1
-9.8821,8.6376,1
-7.6933,4.3178,1
-9.7976,8.4185,1
-6.7162,13.121,1
-10.165,9.2682,1
-7.8922,4.9443,1
-5.2196,9.545,1
-3.8167,7.4553,1
-9.0167,9.8351,1
-3.3792,12.923,1
-9.1146,9.9137,1
-9.2349,7.0323,1
-6.0809,8.8,1
-9.8026,8.6132,1
-9.4888,7.3338,1
-3.8918,13.031,1
-8.2847,6.076,1
-1.8313,11.737,1
-9.9183,8.1747,1
-5.1883,13.45,1
-3.68,7.1122,1
-6.0231,13.304,1
-4.0373,12.932,1
-5.7886,10.423,1
-4.6747,8.9121,1
-9.7268,10.476,1
-10.039,9.6175,1
-8.9861,10.137,1
-6.4728,12.141,1
-7.6589,4.4057,1
-10.114,8.5135,1
-9.1252,6.5946,1
-6.2604,13.194,1
-9.9423,8.2317,1
-6.7762,12.613,1
-5.9909,13.937,1
-9.9245,8.694,1
-9.5298,7.5874,1
-8.9885,9.9487,1
-3.219,12.685,1
-5.1095,13.436,1
-6.2338,12.125,1
-3.1647,12.537,1
-6.2306,8.8039,1
-9.7959,10.009,1
-9.8096,7.9789,1
-10.525,10.6,1
-6.0389,13.091,1
-6.5333,13.484,1
-5.4902,13.442,1
-8.084,5.0172,1
-6.397,13.371,1
-4.8788,7.6099,1
-4.4381,7.6874,1
-6.1434,14.048,1
-8.9494,9.8643,1
-7.6845,9.5942,1
-9.798,8.6827,1
-4.0853,13.028,1
-6.4991,11.97,1
-5.924,10.679,1
-6.7867,8.8803,1
-4.1466,7.8345,1
-2.7012,12.459,1
-5.3151,9.5819,1
-0.6079,11.057,1
-8.5617,5.7587,1
-8.4656,9.5749,1
-4.6955,8.7703,1
-8.4967,10.103,1
-2.6561,12.578,1
-4.9297,13.251,1
-9.2485,6.9201,1
-0.80288,11.107,1
-5.5634,13.527,1
-9.3186,7.1346,1
-9.6717,9.1701,1
-8.9638,9.6089,1
-6.0217,13.622,1
-5.367,10.242,1
-6.2625,13.673,1
-8.1357,9.6797,1
-5.2897,9.6805,1
-9.8677,8.1919,1
-8.6018,9.9121,1
-10.001,9.7635,1
-8.1136,9.8707,1
-6.2336,12.167,1
-6.0077,13.582,1
-4.0967,7.9426,1
-6.5777,12.231,1
-9.2715,7.0905,1
-8.3929,5.6392,1
-4.574,13.422,1
-4.1869,7.9446,1
-9.3326,7.427,1
-4.7343,13.512,1
-8.5348,5.5484,1
-7.5653,9.4629,1
-4.8091,7.9202,1
-3.9211,7.7858,1
-7.7658,4.5548,1
-6.4486,12.24,1
-7.4869,9.4583,1
-10.444,9.8988,1
-1.096,11.513,1
-6.2823,13.717,1
-5.7483,8.3692,1
-9.089,9.8557,1
-9.423,7.6832,1
-5.9967,10.872,1
-5.4465,13.68,1
-7.1144,13.155,1
-4.3231,8.2358,1
-3.9215,13.345,1
-10.032,8.8904,1
-2.3025,12.128,1
-8.4854,6.2094,1
-0.94969,11.388,1
-10.013,10.394,1
-9.1508,6.4494,1
-5.0643,9.308,1
-7.1056,3.5763,1
-6.5562,13.134,1
-10.237,9.9497,1
-9.3131,10.148,1
-5.9716,12.051,1
-10.083,9.3221,1
-10.099,8.8594,1
-7.0475,9.0261,1
-1.8568,11.862,1
-9.7201,8.0165,1
-5.9628,11.216,1
-4.7366,8.8852,1
-8.0823,9.5391,1
-9.3874,10.539,1
-0.57288,10.944,1
-5.7122,13.449,1
-5.7074,13.186,1
-3.4834,12.888,1
-5.6103,8.3779,1
-9.1737,6.3485,1
-9.7622,9.6433,1
-10.342,8.5623,1
-6.2233,11.436,1
-7.9323,4.8366,1
-5.9368,11.366,1
-6.7042,13.069,1
-4.365,8.0426,1
-4.0957,7.8794,1
-5.9278,13.742,1
-6.5217,13.18,1
-6.5359,12.874,1
-9.0859,9.8692,1
-4.955,7.9352,1
-9.3536,10.191,1
-9.5886,10.517,1
-4.7792,8.0625,1
-5.9286,13.464,1
-9.7351,7.7941,1
-5.4213,10.176,1
-4.6436,8.7063,1
-6.3882,12.287,1
-9.0121,7.1556,1
-8.852,6.5019,1
-9.9078,9.8726,1
-6.2474,14.006,1
-1.5612,11.625,1
-6.353,12.273,1
-6.3854,12.154,1
-6.1876,12.594,1
-9.4545,9.7555,1
-7.3593,3.9671,1
-6.2526,13.182,1
-6.0595,13.606,1
-9.4309,10.26,1
-8.5197,9.9108,1
-5.2409,9.9523,1
-6.5111,12.322,1
-4.3823,7.8594,1
-6.9919,3.4724,1
-5.9852,13.818,1
-9.4759,7.2467,1
-8.9765,9.3257,1
-7.3552,9.4801,1
-6.3682,13.22,1
-9.2349,7.1874,1
-7.3759,9.2925,1
-3.8049,12.893,1
-9.163,9.9206,1
-6.4332,13.486,1
-8.6555,9.6107,1
-9.66,10.225,1
-5.0682,9.4021,1
-10.048,9.8402,1
-6.5069,13.104,1
-6.2518,12.408,1
-6.2234,8.733,1
-2.1736,11.982,1
-6.8239,9.1319,1
-6.2537,11.319,1
-10.228,9.2471,1
-3.822,13,1
-10.333,9.5961,1
-2.2625,12.074,1
-9.3543,10.161,1
-8.182,5.2952,1
-5.6247,8.337,1
-6.0528,13.758,1
-6.4886,12.882,1
-6.3122,13.693,1
-7.4211,4.0422,1
-5.2439,13.31,1
-5.8145,13.947,1
-9.1997,9.8762,1
-8.2941,9.7458,1
-6.4735,12.081,1
-7.841,4.6645,1
-5.8322,13.564,1
-6.1315,11.212,1
-5.8914,13.189,1
-0.56208,11.055,1
-6.2305,12.357,1
-5.462,8.3686,1
-5.5608,8.3306,1
-10.005,9.8246,1
-7.5261,4.0948,1
-6.453,12.844,1
-7.8167,4.7352,1
-9.2354,7.0686,1
-6.1887,13.588,1
-4.7721,13.597,1
-7.9006,4.6362,1
-10.094,8.5343,1
-4.6968,13.241,1
-6.4121,13.389,1
-5.1888,8.1774,1
-9.9009,8.8129,1
-9.4965,9.5046,1
-5.0609,13.538,1
-4.8123,8.8995,1
-9.108,9.9524,1
-9.6061,7.5922,1
-8.4985,9.7667,1
-10.093,10.309,1
-3.8448,7.2589,1
-9.9257,9.2638,1
-9.4033,7.3373,1
-5.5433,10.596,1
-6.2349,13.855,1
-7.8054,9.8315,1
-9.3221,10.089,1
-6.0533,11.228,1
-10.292,10.123,1
-2.9725,12.246,1
-5.2705,8.2882,1
-5.9256,13.679,1
-8.3196,9.9337,1
-9.3452,9.8999,1
-5.923,11.031,1
-0.49528,11.082,1
-5.229,9.8275,1
-2.2786,12.155,1
-5.7285,13.698,1
-1.1997,11.502,1
-6.1943,13.478,1
-6.6615,13.638,1
-5.8336,13.497,1
-6.9126,9.1937,1
-6.7734,9.1844,1
-9.4669,7.5158,1
-6.092,13.468,1
-9.4611,10.019,1
-6.3945,11.959,1
-2.4303,12.126,1
-5.9578,10.892,1
-10.017,10.071,1
-3.6587,7.1497,1
-6.4068,8.8768,1
-6.8514,8.8377,1
-0.33282,10.91,1
-3.1244,12.731,1
-4.4564,12.97,1
-2.4145,12.04,1
-4.0645,7.9733,1
-7.674,4.3371,1
-2.6366,12.276,1
-8.0005,4.9436,1
-10.303,9.4923,1
-6.2451,13.771,1
-8.8822,6.3446,1
-8.1762,9.7669,1
-7.18,9.5432,1
-0.81863,11.132,1
-8.7244,9.8245,1
-4.9208,8.8706,1
-5.9735,11.038,1
-5.8418,13.542,1
-5.283,13.677,1
-5.0917,9.8835,1
-6.1458,14.172,1
-5.9577,8.5492,1
-9.3732,7.2915,1
-3.2183,12.67,1
-9.4387,8.323,1
-3.3128,12.633,1
-4.066,12.639,1
-2.7924,12.48,1
-6.8034,13.593,1
-8.5824,5.5991,1
-6.2594,11.633,1
-5.2024,9.421,1
-9.012,6.8799,1
-6.3508,11.82,1
-4.7775,8.8848,1
-8.5199,5.517,1
-9.383,9.4867,1
-5.0935,9.5294,1
-8.1374,9.8027,1
-0.064175,10.601,1
-9.984,9.5178,1
-4.6963,13.635,1
-1.3483,6.9203,2
-10.049,3.3278,2
-2.9893,9.9502,2
-5.0869,0.72334,2
-6.8704,1.4329,2
-2.4421,4.5108,2
-4.5988,1.1034,2
-10.158,3.3911,2
-6.7083,1.2861,2
-1.8468,4.5686,2
-7.211,7.2502,2
-0.45947,4.5414,2
-6.5691,6.3159,2
-3.3176,4.9399,2
-4.7931,0.8796,2
-1.7099,7.303,2
-6.9,6.5933,2
-4.4192,5.6005,2
-4.8158,1.4839,2
-7.6775,2.0279,2
-4.3018,2.0603,2
-1.4518,4.2986,2
-4.9923,0.99044,2
-8.9332,2.6188,2
-5.3188,0.99617,2
-5.7316,0.8653,2
-0.71298,5.558,2
-2.551,4.3316,2
-1.9602,4.693,2
-2.8121,9.0552,2
-1.9486,8.022,2
-4.468,2.2631,2
-0.95244,5.6931,2
-5.5672,0.72248,2
-2.9834,4.9362,2
-6.8134,6.6578,2
-7.1755,7.2548,2
-4.3757,2.0909,2
-5.4638,4.3692,2
-4.3462,1.7108,2
-4.6889,2.9033,2
-4.9624,0.77581,2
-5.1288,3.1509,2
-4.7151,3.1606,2
-9.9067,3.1329,2
-4.7253,1.4069,2
-0.83102,4.1834,2
-0.89957,5.6803,2
-4.2811,1.1023,2
-8.3507,2.0942,2
-1.2748,5.1351,2
-4.4486,1.523,2
-1.3527,6.4507,2
-2.1375,4.3845,2
-5.0466,5.8117,2
-6.0527,0.95277,2
-9.343,2.7706,2
-1.3132,6.9185,2
-2.9872,5.0131,2
-10.695,3.717,2
-1.0189,6.3296,2
-1.3442,6.5252,2
-3.3309,10.197,2
-1.7076,7.5649,2
-2.1534,8.2421,2
-2.7803,9.5599,2
-1.8418,4.4164,2
-5.0573,3.9008,2
-9.014,2.6987,2
-6.3728,1.5398,2
-6.946,7.0552,2
-5.3829,0.82366,2
-6.0579,6.4731,2
-0.81133,5.3098,2
-2.1903,7.8217,2
-2.1089,8.5786,2
-7.0441,7.123,2
-1.3955,4.6811,2
-1.3768,6.9255,2
-7.7067,1.8328,2
-4.4786,2.0053,2
-2.4362,4.5408,2
-6.0159,6.3609,2
-2.2336,4.7146,2
-4.7321,2.995,2
-10.795,3.7951,2
-5.2656,1.1544,2
-0.93236,5.1782,2
-5.0744,3.6319,2
-8.397,2.2606,2
-5.6254,4.0316,2
-6.4606,6.6988,2
-4.2052,0.56534,2
-1.1715,5.7869,2
-2.5564,4.685,2
-6.6152,6.966,2
-5.4574,4.369,2
-5.2633,3.4582,2
-2.5167,8.7158,2
-6.2836,0.97465,2
-0.776,5.6565,2
-5.3558,3.7946,2
-0.41945,4.4941,2
-7.8571,2.0942,2
-5.1782,4.0372,2
-4.7275,0.64137,2
-1.2904,4.4058,2
-4.5393,2.137,2
-2.0781,4.7446,2
-5.3239,1.0296,2
-1.5637,4.0632,2
-3.7346,0.87332,2
-8.8944,2.7221,2
-4.1833,0.68133,2
-6.7493,6.4859,2
-8.6979,2.4549,2
-9.1503,2.7104,2
-9.0679,2.6037,2
-9.4162,2.7787,2
-5.5348,0.87563,2
-4.4069,0.67881,2
-6.8755,6.6597,2
-4.3971,1.6318,2
-1.1363,4.8538,2
-0.93833,3.78,2
-4.154,5.2067,2
-6.7356,6.3493,2
-1.1331,5.8517,2
-6.0974,6.4189,2
-1.2182,4.52,2
-4.996,0.88898,2
-1.6963,7.314,2
-7.8998,2.1246,2
-0.99274,5.6976,2
-1.2617,5.8824,2
-2.1683,8.4346,2
-8.0479,2.3061,2
-1.2162,4.6859,2
-1.2612,4.8733,2
-5.1336,5.8643,2
-0.42361,4.8158,2
-1.4124,6.4997,2
-1.0129,5.0849,2
-5.8375,0.94991,2
-4.1114,1.8206,2
-6.2732,5.7786,2
-3.9835,5.382,2
-1.1111,5.8209,2
-7.5538,1.789,2
-4.5623,1.3358,2
-1.5284,4.3451,2
-9.0651,2.6701,2
-4.6432,3.507,2
-5.3133,5.9814,2
-4.5672,2.1799,2
-5.9915,0.93776,2
-0.97955,5.803,2
-2.1371,8.2761,2
-5.0791,0.97862,2
-4.7902,2.7874,2
-4.6688,2.3283,2
-6.2397,0.94525,2
-6.8841,6.7384,2
-2.2785,8.4647,2
-4.7641,3.0567,2
-6.4145,1.4532,2
-7.7734,1.7954,2
-5.3328,5.8314,2
-7.1059,7.0591,2
-1.031,4.1293,2
-6.33,5.8783,2
-7.4532,1.7654,2
-5.7776,0.8721,2
-1.1381,5.4132,2
-1.3268,6.7002,2
-1.195,4.517,2
-1.0917,5.7477,2
-7.5715,2.0525,2
-6.1349,6.477,2
-6.2475,1.1653,2
-1.2724,6.9177,2
-10.915,3.9273,2
-0.93342,5.6983,2
-4.6794,2.2653,2
-4.6578,2.926,2
-3.562,10.414,2
-5.1652,5.994,2
-5.2189,6.0809,2
-5.1079,3.5239,2
-3.3139,10.384,2
-1.8791,8.0146,2
-2.193,4.5257,2
-3.3559,10.277,2
-5.533,0.74555,2
-2.2729,8.5391,2
-2.5644,9.0043,2
-2.1145,7.9906,2
-4.5286,5.6208,2
-0.80016,4.8473,2
-1.1547,6.0157,2
-10.201,3.3147,2
-6.4144,5.6936,2
-5.8686,4.832,2
-1.9768,4.4518,2
-4.974,1.4183,2
-1.4895,7.0761,2
-9.0373,2.7451,2
-9.2131,2.6951,2
-1.789,4.7777,2
-6.9579,7.1823,2
-0.73577,4.8603,2
-1.9682,4.4054,2
-2.5107,8.7702,2
-8.3071,2.1872,2
-7.7702,1.9006,2
-10.507,3.5128,2
-0.65994,4.069,2
-5.2892,4.0128,2
-4.199,1.2066,2
-4.2983,0.74167,2
-6.0812,5.4809,2
-0.51244,4.8277,2
-6.7063,6.4635,2
-5.0125,3.6014,2
-6.4054,1.1772,2
-4.2838,1.6309,2
-1.2136,4.9059,2
-5.7002,6.247,2
-9.1057,2.8499,2
-5.6188,4.3572,2
-5.955,0.95068,2
-9.3235,2.7915,2
-6.728,6.2474,2
-8.4449,2.2192,2
-1.8094,4.3792,2
-1.5618,6.6758,2
-4.7044,1.1822,2
-2.4359,4.6586,2
-4.8313,5.7256,2
-5.2011,3.7147,2
-1.7684,4.5139,2
-3.2821,4.9037,2
-9.0461,2.5554,2
-3.8969,5.3826,2
-1.4552,4.8806,2
-1.6426,4.5554,2
-5.404,4.3718,2
-1.0427,6.1765,2
-1.0874,4.8173,2
-2.4621,4.3958,2
-4.8629,5.8228,2
-8.6928,2.365,2
-4.4481,1.0504,2
-5.0894,0.89462,2
-6.6997,6.3628,2
-6.2374,6.6312,2
-1.1826,5.4864,2
-1.8613,7.6418,2
-1.0914,5.3301,2
-10.391,3.4774,2
-6.2729,6.4627,2
-5.162,0.86058,2
-4.3378,0.86397,2
-5.157,0.81552,2
-5.9564,5.1921,2
-5.2549,3.9636,2
-10.015,3.1449,2
-4.518,1.1145,2
-4.1442,5.23,2
-6.0224,5.4402,2
-4.4399,1.469,2
-4.3292,2.318,2
-2.0297,8.1383,2
-10.93,3.8958,2
-6.1931,1.3786,2
-2.4351,4.5326,2
-7.9068,1.8903,2
-4.6917,2.6151,2
-2.9514,9.8342,2
-4.7076,1.2263,2
-4.7561,0.81766,2
-7.0115,1.3898,2
-4.4327,1.5491,2
-7.0628,1.3028,2
-7.9951,2.3231,2
-5.0786,0.45082,2
-0.92895,4.4616,2
-1.5897,4.4261,2
-4.869,1.1606,2
-1.1289,3.8053,2
-0.66973,5.2854,2
-6.1339,5.5572,2
-7.0019,1.5237,2
-1.611,7.2337,2
-0.90581,4.5442,2
-4.5707,2.2922,2
-1.0899,5.1183,2
-7.6555,1.6727,2
-4.6582,1.4624,2
-9.527,2.9695,2
-4.6099,0.84018,2
-2.8273,5.1178,2
-1.0321,5.9843,2
-1.5157,4.8951,2
-0.69695,5.0849,2
-2.1824,4.6398,2
-4.1771,0.71084,2
-4.5579,1.936,2
-2.8471,4.941,2
-0.7975,4.7633,2
-7.7045,1.6228,2
-5.1615,1.0461,2
-1.078,4.7574,2
-1.5225,6.7107,2
-4.5272,1.2118,2
-1.3418,5.5993,2
-6.592,6.7139,2
-1.4336,7.2459,2
-5.8385,6.6306,2
-6.1404,6.4994,2
-0.80019,4.6504,2
-7.8815,1.8627,2
-4.6029,5.6769,2
-7.8635,1.7848,2
-5.7925,4.7755,2
-1.6722,4.2574,2
-1.6105,7.1784,2
-0.78085,5.7855,2
-2.2685,8.0559,2
-0.97698,5.1724,2
-4.6477,5.5707,2
-7.1091,7.21,2
-1.0702,6.4933,2
-6.9188,1.4036,2
-1.3171,6.5402,2
-6.0604,1.2284,2
-1.9647,4.3643,2
-6.9039,6.9467,2
-8.5551,2.2162,2
-5.9192,4.778,2
-6.508,6.5714,2
-5.5848,6.2126,2
-1.509,7.1843,2
-0.94662,5.447,2
-0.80304,4.4228,2
-4.9572,3.1882,2
-1.2951,3.9848,2
-2.8242,4.7077,2
-2.2018,8.2315,2
-1.1539,6.363,2
-10.073,3.1952,2
-8.7106,2.3752,2
-1.2065,5.3555,2
-9.7027,2.9535,2
-1.2963,4.245,2
-6.6125,6.5449,2
-5.2053,4.3367,2
-7.6668,1.93,2
-0.88065,4.6132,2
-7.0902,1.4062,2
-4.4844,0.62494,2
-1.2235,4.5506,2
-4.3688,1.7899,2
-2.4001,4.631,2
-4.9526,1.9314,2
-7.0779,7.0148,2
-1.7951,4.3403,2
-3.6974,4.9234,2
-6.4366,1.2279,2
-6.6298,1.2803,2
-4.6639,5.49,2
-5.653,0.9482,2
-4.7665,1.2601,2
-4.4565,2.2455,2
-7.6687,2.0735,2
-5.4375,6.1334,2
-4.5465,2.3766,2
-1.1832,4.8302,2
-6.1356,1.2864,2
-6.1119,0.92417,2
-7.198,7.3589,2
-4.2791,1.1324,2
-2.8724,4.4996,2
-10.238,3.1947,2
-4.5562,0.45949,2
-5.1807,0.7365,2
-7.4289,1.8527,2
-0.63413,4.6084,2
-1.191,5.4711,2
-1.1696,6.2712,2
-4.7279,2.9256,2
-4.8179,3.2994,2
-1.0647,6.2391,2
-6.7779,1.7032,2
-4.8589,5.7699,2
-1.2158,4.473,2
-4.5173,5.2911,2
-6.4226,1.3822,2
-1.5016,6.8803,2
-4.3438,1.5264,2
-4.0937,5.3691,2
-8.7921,2.6535,2
-4.6648,2.9036,2
-3.1781,9.7612,2
-8.2497,2.1389,2
-8.7657,2.2773,2
-0.60988,6.1352,2
-1.4763,7.0811,2
-3.5343,10.544,2
-0.96457,3.8319,2
-2.5874,4.7376,2
-5.9508,6.4978,2
-0.91335,5.0937,2
-10.479,3.7633,2
-5.7882,1.1911,2
-2.6271,4.6031,2
-7.2023,1.2184,2
-5.1062,0.61123,2
-4.7495,1.1297,2
-5.0482,1.1792,2
-6.5932,1.1973,2
-5.6163,6.1858,2
-1.4453,5.1506,2
-5.486,4.5057,2
-6.7332,6.1379,2
-5.5106,4.3573,2
-2.1072,8.6874,2
-5.7257,1.0855,2
-3.305,4.9655,2
-0.89474,4.6072,2
-6.3765,5.7416,2
-5.8977,1.3086,2
-5.6114,4.6128,2
-5.2104,0.9748,2
-1.0557,6.2848,2
-4.4811,11.529,2
-4.3217,1.757,2
-8.6803,2.5223,2
-6.379,1.0934,2
-4.6147,2.9682,2
-1.0024,5.5278,2
-3.0225,5.002,2
-6.5673,6.1182,2
-4.1562,5.315,2
-1.024,5.9474,2
-3.6295,5.091,2
-5.5068,4.532,2
-0.82702,5.13,2
-4.6969,1.2768,2
-2.1644,4.3499,2
-4.1833,1.6505,2
-5.668,1.0281,2
-4.5597,3.229,2
-1.319,5.8439,2
-3.6479,10.707,2
-4.9788,5.5577,2
-6.7049,1.2842,2
-10.067,3.2796,2
-6.3356,5.5673,2
-7.5917,1.7835,2
-4.8628,1.0916,2
-6.258,0.66259,2
-2.9577,4.7775,2
-5.2986,0.64074,2
-1.7895,4.9305,2
-4.107,1.3472,2
-4.6306,2.6757,2
-4.0506,5.06,2
-2.1944,4.4349,2
-3.5713,10.446,2
-1.5303,7.2175,2
-4.6525,2.5084,2
-5.4074,4.1093,2
-4.6343,5.632,2
-4.7452,1.6495,2
-3.6697,4.9829,2
-5.1644,3.5673,2
-6.2916,6.7475,2
-8.2227,2.0889,2
-7.0612,6.9236,2
-1.9917,8.1873,2
-4.2489,0.97818,2
-4.0818,11.052,2
-3.4448,10.148,2
-0.8291,4.9904,2
-7.5691,1.7485,2
-3.9051,1.3052,2
-5.8507,5.1379,2
-5.281,0.5317,2
-4.6538,2.1617,2
-0.7637,5.3206,2
-4.9156,0.84934,2
-4.4428,1.1871,2
-6.6908,6.3524,2
-6.2098,5.656,2
-7.2916,7.2431,2
-2.8386,4.7175,2
-4.7473,2.771,2
-1.3727,6.7424,2
-6.6718,1.3513,2
-7.4123,1.5626,2
-3.0588,4.9035,2
-4.644,1.1873,2
-8.2598,2.1081,2
-4.7502,0.39492,2
-0.6234,5.2694,2
-4.006,1.5167,2
-0.84159,4.4127,2
-10.016,3.2264,2
-0.46032,4.5657,2
-1.3611,4.7146,2
-4.0781,5.2077,2
-3.5807,5.0459,2
-2.2297,4.8437,2
-4.6952,1.2899,2
-4.4227,5.5145,2
-9.3398,2.7193,2
-6.1043,5.4665,2
-5.6837,6.2491,2
-5.2055,4.1531,2
-1.2634,4.112,2
-4.8918,3.1682,2
-0.37158,4.0734,2
-0.88488,4.4974,2
-9.7271,3.0135,2
-4.7698,1.4579,2
-7.7452,1.8778,2
-9.7169,3.0328,2
-5.6158,5.0277,2
-7.9863,1.8723,2
-2.7323,4.6269,2
-5.3724,0.50911,2
-5.1855,3.3863,2
-5.8942,5.0075,2
-7.054,6.9134,2
-5.4876,0.92655,2
-4.126,1.4888,2
-2.358,8.3057,2
-6.9811,1.6774,2
-4.6564,1.1641,2
-10.853,3.8247,2
-4.3628,2.2259,2
-2.5489,8.6727,2
-3.9926,5.1771,2
-1.3642,4.0304,2
-1.1023,4.2619,2
-1.6111,7.0353,2
-6.7787,1.164,2
-10.473,3.4723,2
-1.1531,5.6267,2
-4.9932,3.6086,2
-5.9977,1.1118,2
-5.5145,6.2327,2
-4.9053,5.7104,2
-1.3709,6.5074,2
-4.8557,3.4064,2
-6.3092,5.687,2
-1.0492,6.334,2
-8.3927,2.3091,2
-7.2204,7.2639,2
-5.2839,1.2103,2
-6.4317,6.0292,2
-4.468,1.7634,2
-0.95217,5.2425,2
-4.5064,2.2322,2
-4.9934,0.64024,2
-1.0423,5.2884,2
-3.4438,5.2607,2
-1.1363,5.7418,2
-1.6663,7.2793,2
-1.1493,6.0532,2
-1.2654,4.4094,2
-5.3544,0.75249,2
-4.5537,2.7065,2
-6.2311,0.85384,2
-4.9835,0.60135,2
-1.074,5.284,2
-2.1319,8.2945,2
-1.0836,6.4674,2
-5.763,1.2999,2
-1.0059,5.0485,2
-7.6394,1.7234,2
-4.6085,5.6574,2
-2.609,9.388,2
-3.7748,5.4654,2
-2.8584,9.7102,2
-5.7757,0.84228,2
-6.9755,1.3356,2
-1.4791,5.0971,2
-6.4962,1.3096,2
-2.6005,8.7267,2
-7.7022,1.7372,2
-9.3821,2.9447,2
-5.0763,1.0096,2
-1.3964,7.3241,2
-6.3511,6.6982,2
-0.63567,5.5321,2
-3.8929,5.1944,2
-1.9373,4.6415,2
-2.1716,8.2776,2
-6.2189,6.5339,2
-2.6728,4.7615,2
-4.2621,1.4374,2
-1.7469,4.5688,2
-0.71586,5.5025,2
-1.9974,8.0601,2
-2.2651,8.5575,2
-6.3007,5.6968,2
-5.3021,3.6694,2
-5.2322,3.8242,2
-1.3818,7.0215,2
-4.4176,2.219,2
-6.9469,6.8706,2
-0.77271,5.9482,2
-4.9069,2.909,2
-4.7725,2.5521,2
-1.1931,4.5749,2
-4.6681,5.5845,2
-7.2023,1.4822,2
-1.3269,4.564,2
-2.1387,8.404,2
-3.3142,10.271,2
-4.5333,1.9303,2
-4.7552,3.2449,2
-1.4015,7.0656,2
-7.1036,7.2409,2
-6.75,1.3876,2
-5.5331,0.47121,2
-2.7908,4.4748,2
-6.4444,1.0047,2
-8.5594,2.3061,2
-0.93749,5.5862,2
-5.2352,6.0619,2
-6.0804,6.4577,2
-5.773,4.6267,2
-6.5428,1.4099,2
-4.5911,2.1827,2
-1.4111,7.2046,2
-7.7406,1.9489,2
-5.2889,3.6802,2
-7.3012,7.3337,2
-7.8867,1.9062,2
-4.3684,1.7455,2
-7.1068,7.0743,2
-4.5732,1.9996,2
-2.6464,9.3454,2
-3.5551,5.2496,2
-1.2457,6.198,2
-2.0354,8.137,2
-7.6272,7.6911,2
-8.6277,2.3951,2
-4.8832,5.8677,2
-5.0954,0.68333,2
-2.1505,4.905,2
-9.6639,2.973,2
-1.836,7.7001,2
-4.2562,0.6318,2
-5.649,0.96039,2
-4.3283,1.144,2
-4.2821,1.7688,2
-4.7587,2.9123,2
-0.76495,4.2807,2
-4.7236,5.6555,2
-4.8596,0.74018,2
-5.6589,1.136,2
-8.5934,2.2438,2
-1.4752,4.4052,2
-5.0826,3.4338,2
-1.1077,5.7235,2
-4.3113,1.1546,2
-4.5195,2.5415,2
-4.4588,0.53076,2
-4.3591,1.5537,2
-0.84652,4.4272,2
-1.4221,7.0666,2
-7.6636,1.8054,2
-4.1743,5.2657,2
-1.9565,8.0469,2
-5.9359,5.3851,2
-1.3676,4.5885,2
-2.8628,4.8087,2
-4.7851,1.7398,2
-5.5051,1.0774,2
-4.1811,5.2928,2
-4.765,5.507,2
-4.9741,3.8042,2
-6.0087,1.1277,2
-2.8429,4.9313,2
-4.4214,1.8618,2
-6.4307,1.0909,2
-8.445,2.1187,2
-4.4375,1.1929,2
-6.2333,5.8777,2
-5.8157,1.1415,2
-6.5156,6.8792,2
-5.4395,1.0164,2
-1.2255,4.6752,2
-7.9459,2.1351,2
-8.1604,1.8925,2
-1.0141,4.7034,2
-1.4851,4.2524,2
-5.3528,4.5615,2
-1.1264,5.417,2
-6.5922,6.8369,2
-1.4745,6.979,2
-3.4299,10.066,2
-1.0342,4.8094,2
-4.732,5.8473,2
-3.5309,4.9381,2
-1.2565,6.4642,2
-9.9364,3.1727,2
-1.7853,4.4184,2
-0.80232,5.1249,2
-4.9726,3.1633,2
-1.1652,5.3246,2
-8.4779,2.4187,2
-6.0929,0.89644,2
-5.7285,4.8612,2
-2.1316,4.7831,2
-1.9414,7.6543,2
-4.4389,0.45714,2
-5.2023,5.8936,2
-5.3631,4.3681,2
-1.3477,6.3138,2
-6.6644,6.389,2
-5.0556,3.4856,2
-8.7099,2.4122,2
-2.2244,8.1444,2
-9.6607,3.0663,2
-5.9797,1.3124,2
-5.9187,4.9734,2
-5.9782,5.4894,2
-2.1212,8.1454,2
-4.1395,1.1769,2
-2.1407,8.043,2
-3.1708,4.9402,2
-1.3254,6.3724,2
-0.97555,5.9245,2
-5.6802,0.89783,2
-3.3011,5.0096,2
-4.3581,1.5321,2
-5.8299,1.0141,2
-4.2529,0.8695,2
-6.9133,1.3309,2
-1.5536,4.951,2
-4.9069,3.1244,2
-9.8708,3.073,2
-5.2536,0.90612,2
-2.7145,9.0329,2
-5.4566,1.1346,2
-9.8548,3.23,2
-5.1556,3.76,2
-4.2712,1.9167,2
-3.3648,5.0495,2
-3.3629,10.182,2
-3.8578,5.4401,2
-7.0127,1.2431,2
-5.3716,6.1765,2
-4.9077,1.3132,2
-3.4352,5.0118,2
-6.102,1.2595,2
-6.41,1.1467,2
-4.4318,1.1738,2
-5.2425,0.83768,2
-2.3558,5.0983,2
-4.6452,0.53693,2
-1.8052,7.9336,2
-7.1257,6.8587,2
-3.5202,10.431,2
-5.2589,0.7637,2
-5.2279,1.3647,2
-7.9153,2.0272,2
-4.5416,1.3295,2
-6.7908,1.2512,2
-5.2349,3.4442,2
-6.0443,5.315,2
-0.85254,4.02,2
-2.3622,8.6409,2
-1.3117,3.816,2
-3.8942,5.201,2
-3.2902,10.169,2
-7.7888,1.883,2
-1.4808,6.6295,2
-3.2771,10.244,2
-4.8818,1.4343,2
-1.3626,6.8341,2
-1.6572,4.4064,2
-5.5523,0.70443,2
-5.3949,6.0562,2
-2.0558,4.8938,2
-4.6031,1.8007,2
-6.6568,1.3768,2
-6.0111,5.2143,2
-5.8648,6.2976,2
-4.7634,1.4391,2
-6.7816,1.2818,2
-3.2391,9.5404,2
-1.2203,7.0362,2
-0.99202,4.894,2
-5.982,0.88576,2
-10.821,3.7707,2
-1.9486,4.3276,2
-0.77277,5.3914,2
-3.9874,1.3297,2
-3.872,10.816,2
-0.7805,6.1489,2
-2.0077,4.367,2
-4.3236,5.5172,2
-1.1975,6.3792,2
-1.586,7.1939,2
-8.7251,2.4173,2
-6.2735,5.5573,2
-5.7515,4.9371,2
-1.2073,5.4873,2
-4.8916,2.644,2
-2.0101,4.4261,2
-4.9729,3.3536,2
-1.8495,7.8226,2
-4.7886,3.3672,2
-0.83574,6.0117,2
-0.7997,4.5141,2
-1.9787,3.9935,2
-3.2171,9.9597,2
-8.4415,2.4269,2
-1.5404,6.6039,2
-5.697,6.3283,2
-1.4065,7.07,2
-2.8734,4.6338,2
-6.1139,1.1897,2
-2.0861,7.6581,2
-5.2355,6.0655,2
-0.85125,5.1837,2
-2.0891,7.9322,2
-5.2563,3.3909,2
-2.1983,4.7569,2
-7.4403,1.5921,2
-2.4519,4.7713,2
-1.5858,7.2477,2
-5.0357,3.3713,2
-0.90431,5.1315,2
-5.2784,5.9929,2
-4.3751,5.5853,2
-3.0732,9.6884,2
-2.5039,8.9144,2
-8.2941,2.0531,2
-4.5283,1.9422,2
-1.8499,4.5508,2
-5.2614,0.61058,2
-5.3817,0.70303,2
-1.6147,6.8723,2
-6.9499,6.6617,2
-4.7595,2.279,2
-1.71,4.3265,2
-0.98092,5.2085,2
-5.3309,4.0478,2
-3.5599,10.452,2
-2.6482,8.6996,2
-1.366,6.7076,2
-4.4655,1.4207,2
-4.4138,2.1916,2
-4.8709,0.98652,2
-9.1929,2.7468,2
-0.54283,4.4444,2
-4.8531,1.2631,2
-0.65425,5.0015,2
-1.092,6.5715,2
-2.3317,8.3161,2
-6.7342,1.5522,2
-4.4235,0.82491,2
-1.8524,7.0569,2
-1.0079,4.8152,2
-0.86998,4.0033,2
-5.1126,3.6149,2
-6.1472,5.6199,2
-1.5402,6.8034,2
-6.8457,7.0017,2
-3.8339,10.905,2
-5.9311,1.579,2
-1.6782,6.9992,2
-1.4538,5.082,2
-7.4488,1.8253,2
-4.4159,0.38452,2
-2.9813,4.7564,2
-6.6056,1.2202,2
-3.6502,10.648,2
-5.8588,5.0384,2
-5.736,5.0057,2
-6.1036,5.195,2
-1.607,4.4521,2
-1.3718,3.9525,2
-1.1193,5.2033,2
-6.0703,5.2284,2
-6.5508,6.955,2
-1.7952,7.8922,2
-4.8754,2.2545,2
-6.3627,6.6529,2
-2.7338,4.6795,2
-4.8352,3.7684,2
-6.1438,6.5619,2
-1.8859,7.9463,2
-2.8489,4.7983,2
-3.2203,5.0896,2
-5.5969,6.2541,2
-1.1078,6.0866,2
-6.3944,5.8642,2
-0.72104,4.1887,2
-7.3435,1.7232,2
-5.1423,1.1191,2
-4.6574,1.3215,2
-10.45,3.5108,2
-3.511,10.398,2
-1.7952,4.648,2
-4.2806,1.1006,2
-5.5435,0.96498,2
-3.4337,4.806,2
-1.3651,4.1802,2
-1.7429,7.4057,2
-2.4526,8.9515,2
-1.7136,4.76,2
-2.711,4.9252,2
-1.6877,4.0419,2
-10.792,3.7316,2
-6.805,7.0336,2
-0.7598,5.6587,2
-2.1711,7.9318,2
-5.9544,5.3171,2
-5.84,5.1281,2
-3.354,4.9041,2
-4.6713,5.6399,2
-3.4871,10.269,2
-1.2757,4.9222,2
-5.4399,4.0736,2
-1.1693,6.4624,2
-1.3558,7.1591,2
-4.7467,1.2585,2
-3.9859,1.4225,2
-3.6538,5.227,2
-4.2252,1.2612,2
-6.3431,6.7484,2
-0.85049,5.928,2
-0.78662,4.7882,2
-2.7277,4.8715,2
-2.5182,4.3524,2
-5.0304,3.1764,2
-2.4879,8.9554,2
-10.517,3.4715,2
-1.057,5.7358,2
-4.1467,0.83357,2
-1.4524,7.1886,2
-4.9302,2.683,2
-5.4821,0.94685,2
-4.9776,1.0844,2
-4.2784,1.2826,2
-5.9224,6.3113,2
-2.8429,4.7265,2
-3.7352,5.2471,2
-4.7601,3.0795,2
-1.9438,7.5579,2
-5.4165,6.1194,2
-3.3773,4.8428,2
-8.2941,2.0607,2
-4.2938,5.2574,2
-4.6787,0.76231,2
-6.9107,6.8091,2
-4.5195,5.8226,2
-2.1546,4.5279,2
-2.5032,8.9477,2
-4.4314,2.1928,2
-7.7924,1.7875,2
-5.8824,1.0857,2
-8.3902,2.1713,2
-1.0338,4.8767,2
-3.5669,5.2311,2
-0.86864,5.6804,2
-2.5671,8.9482,2
-4.5949,1.0106,2
-5.4041,3.8451,2
-5.9341,4.9489,2
-0.86849,4.5635,2
-4.8103,1.5792,2
-0.8806,4.8944,2
-1.2548,5.9538,2
-4.5765,1.3912,2
-1.8828,4.5502,2
-6.3965,6.7008,2
-3.0055,9.693,2
-6.838,6.7249,2
-7.6302,7.549,2
-8.6277,2.4229,2
-0.71784,4.9874,2
-7.4624,1.4878,2
-9.282,2.8804,2
-4.5012,1.041,2
-5.0954,3.2269,2
-2.26,8.5984,2
-0.96128,4.4842,2
-4.5099,2.1903,2
-1.2689,6.3063,2
-4.3832,0.90317,2
-8.7822,2.4831,2
-3.2354,5.006,2
-10.581,3.5954,2
-4.6907,1.5117,2
-1.1455,4.6568,2
-3.2689,9.8907,2
-2.8249,4.7872,2
-5.1569,1.5608,2
-10.215,3.2317,2
-5.4716,1.0572,2
-2.8043,4.6006,2
-6.1161,5.4259,2
-6.6065,6.711,2
-3.3755,10.277,2
-1.9117,5.0472,2
-1.6438,7.8336,2
-4.3903,0.59914,2
-5.7914,5.0272,2
-8.6926,2.3707,2
-4.5555,0.988,2
-3.6247,5.0538,2
-5.8533,6.3274,2
-7.764,1.8934,2
-6.3755,5.9392,2
-1.0686,4.3296,2
-6.6639,1.3793,2
-1.1622,6.0158,2
-1.8493,4.6758,2
-1.3458,5.5442,2
-6.9786,1.5058,2
-5.0093,5.6007,2
-4.6216,1.7789,2
-1.8028,7.2287,2
-3.9943,5.1394,2
-5.3478,4.2511,2
-8.9904,2.6148,2
-1.7405,4.3891,2
-0.96303,6.1577,2
-1.4141,7.0577,2
-5.9549,5.4252,2
-7.2896,1.6943,2
-4.4257,1.6795,2
-9.6032,2.9483,2
-4.8798,1.8495,2
-2.707,4.4988,2
-6.5807,1.4179,2
-1.5304,4.4838,2
-4.836,2.42,2
-1.731,4.4352,2
-3.6889,10.662,2
-4.3315,1.719,2
-1.9093,4.2468,2
-7.0245,1.303,2
-1.1693,4.591,2
-2.6163,4.5504,2
-9.5362,3.0385,2
-2.7345,4.7275,2
-5.837,6.2419,2
-1.6456,4.7072,2
-4.0751,1.8258,2
-0.91027,4.9712,2
-4.3024,1.1887,2
-5.1549,3.7795,2
-1.1733,5.5064,2
-3.8528,5.2028,2
-10.699,3.7093,2
-5.0534,3.2933,2
-5.7974,0.98674,2
-4.6526,0.59393,2
-0.75375,4.8143,2
-1.827,7.1153,2
-1.2854,4.9821,2
-1.201,4.1464,2
-5.2809,3.6007,2
-1.4975,4.6348,2
-4.4207,1.2472,2
-4.2417,2.1839,2
-5.3359,3.8149,2
-5.5642,4.8697,2
-6.6311,1.3221,2
-5.3133,3.9184,2
-4.029,1.7203,2
-1.6651,5.0795,2
-1.3474,4.95,2
-1.0602,4.7357,2
-1.283,4.2189,2
-1.472,7.4886,2
-6.0562,5.093,2
-2.8524,4.3489,2
-5.1941,1.0307,2
-5.7732,1.1017,2
-5.149,0.70227,2
-2.8919,4.6825,2
-4.7708,5.7948,2
-6.7917,6.9339,2
-5.8667,1.0037,2
-4.4058,2.1965,2
-4.9981,0.44117,2
-5.1685,4,2
-4.5378,2.1947,2
-6.266,6.503,2
-3.7771,10.778,2
-4.7358,1.4147,2
-5.3137,0.75671,2
-1.4134,5.838,2
-1.4951,4.0143,2
-9.989,3.1657,2
-4.571,1.4227,2
-6.3488,6.5967,2
-1.3315,5.696,2
-6.8707,1.4582,2
-3.0511,9.8984,2
-2.8841,4.6689,2
-1.0692,6.5825,2
-10.274,3.332,2
-2.3241,4.8041,2
-7.2726,7.3711,2
-4.1669,1.8107,2
-1.8539,8.0084,2
-6.2717,6.0649,2
-1.245,4.7847,2
-1.0466,4.6315,2
-4.9884,3.6099,2
-2.2263,4.8974,2
-4.8341,2.4881,2
-4.3856,0.73688,2
-0.95745,3.9229,2
-6.04,1.1512,2
-1.8208,4.564,2
-7.8329,2.0972,2
-1.3147,4.1865,2
-4.9076,3.4293,2
-3.6737,5.0048,2
-4.6849,3.2375,2
-2.8434,9.5433,2
-7.3067,7.3326,2
-4.1268,5.0962,2
-4.5153,1.3637,2
-7.4383,1.6539,2
-4.5475,1.7152,2
-2.3397,4.3971,2
-4.715,0.97488,2
-6.0548,5.2313,2
-1.4027,7.1983,2
-4.5872,5.7058,2
-4.7475,2.2693,2
-2.7323,9.1075,2
-4.3801,2.4851,2
-4.8954,0.40017,2
-8.4664,2.3403,2
-5.4141,0.96889,2
-4.2245,0.94303,2
-0.59481,4.1391,2
-6.4716,6.9324,2
-1.4763,5.9801,2
-2.3496,8.5732,2
-8.5529,2.2974,2
-2.0896,7.9653,2
-1.9194,8.0603,2
-4.7383,2.1939,2
-5.634,4.8824,2
-0.76544,5.27,2
-1.1551,6.4823,2
-4.2923,0.81878,2
-6.3611,1.3503,2
-1.8411,4.4538,2
-5.5117,6.3374,2
-2.0898,8.0083,2
-5.3277,1.3133,2
-7.3999,1.6146,2
-0.84909,4.4478,2
-2.8303,9.2917,2
-1.9327,4.7573,2
-3.3765,5.1271,2
-0.69155,4.9065,2
-0.69142,4.9827,2
-3.0693,10.016,2
-5.826,4.6741,2
-5.258,3.6682,2
-3.2163,4.7601,2
-0.93747,5.5511,2
-6.695,1.1794,2
-1.3011,6.9929,2
-6.267,1.1876,2
-1.4534,6.7724,2
-7.6539,1.7067,2
-3.3599,5.2299,2
-2.2969,8.5306,2
-4.7987,2.7728,2
-4.7759,3.059,2
-8.909,2.3277,2
-4.5072,1.0961,2
-4.9635,1.7893,2
-7.1512,6.9063,2
-4.7856,2.3683,2
-6.4526,5.8818,2
-4.7672,2.8508,2
-2.5848,4.5165,2
-2.6136,5.1809,2
-5.7575,6.3812,2
-5.025,2.9018,2
-3.3006,9.9468,2
-5.0922,0.70494,2
-4.248,0.64705,2
-8.8019,2.4548,2
-3.8582,5.263,2
-1.5141,7.011,2
-3.0548,4.856,2
-1.4037,6.5882,2
-7.1832,7.0682,2
-4.729,3.3001,2
-10.538,3.6208,2
-5.5486,1.7326,2
-5.3527,4.2966,2
-0.86628,5.4164,2
-4.2986,1.0867,2
-0.56357,4.3766,2
-0.84516,5.6487,2
-8.4455,2.1615,2
-5.6612,6.0449,2
-2.9189,4.9348,2
-1.0798,5.991,2
-7.5453,1.5967,2
-1.2098,4.9433,2
-8.3336,2.2225,2
-9.1389,2.6223,2
-6.7294,6.5297,2
-4.5666,0.80553,2
-5.0467,1.0353,2
-5.2227,4.1187,2
-1.1079,5.2403,2
-1.1924,4.4689,2
-6.591,6.3683,2
-1.8763,7.7346,2
-4.5852,2.419,2
-7.3547,1.7855,2
-4.6307,1.578,2
-5.4064,3.6101,2
-3.0875,4.9523,2
-5.5669,4.4428,2
-5.5963,4.2542,2
-1.3561,4.5026,2
-4.7904,2.564,2
-4.6017,2.7663,2
-1.1591,4.882,2
-4.8427,5.762,2
-4.7071,3.0946,2
-1.0572,3.9679,2
-5.814,0.97649,2
-3.3025,4.8552,2
-4.7472,2.4229,2
