-0.997 -0.113 3.3059
-0.996 -0.496 3.4112
-0.99 -0.644 3.1845
-0.987 -0.511 2.8711
-0.987 0.686 3.0987
-0.981 -0.155 2.4273
-0.978 0.784 3.6242
-0.975 -0.515 3.2465
-0.975 0.579 3.3793
-0.974 -0.041 3.1267
-0.974 0.831 3.2899
-0.972 -0.206 3.0005
-0.971 -0.388 3.1399
-0.97 -0.021 2.9326
-0.967 -0.175 3.1549
-0.966 -0.155 2.9925
-0.964 -0.857 3.1839
-0.964 -0.263 2.9039
-0.963 0.82 2.9735
-0.962 0.06 3.2449
-0.962 0.243 2.767
-0.96 -0.797 3.1836
-0.96 -0.69 3.6681
-0.959 0.314 2.9133
-0.958 -0.152 3.0056
-0.956 0.023 3.091
-0.955 -0.492 3.4723
-0.955 0.625 3.4763
-0.954 0.589 3.0136
-0.952 -0.674 2.9712
-0.952 -0.085 3.0018
-0.951 -0.018 2.9883
-0.949 -0.781 2.8596
-0.944 0.743 3.1907
-0.941 0.944 3.7836
-0.934 0.933 3.0941
-0.933 -0.276 3.3595
-0.932 -0.582 2.821
-0.929 -0.02 3.0334
-0.927 -0.25 3.4574
-0.925 -0.404 2.9994
-0.925 0.405 2.6145
-0.924 -0.463 3.0119
-0.924 -0.323 3.1272
-0.923 0.246 3.1851
-0.921 0.502 3.2022
-0.92 -0.861 3.1438
-0.92 -0.629 2.7893
-0.919 -0.367 2.685
-0.918 -0.806 2.968
-0.906 0.05 3.0236
-0.905 -0.774 3.4696
-0.9 -0.373 3.2522
-0.898 0.841 3.6432
-0.897 -0.631 3.0277
-0.891 0.289 3.0867
-0.888 0.925 3.3319
-0.886 -0.023 3.0986
-0.885 -0.463 2.7583
-0.883 -0.069 2.7981
-0.881 -0.039 2.924
-0.88 -0.072 2.7887
-0.878 -0.764 3.3686
-0.877 0.112 2.8949
-0.876 -0.982 2.8702
-0.874 -0.578 3.3503
-0.873 -0.481 2.4621
-0.867 -0.196 2.5641
-0.867 0.015 2.4476
-0.867 0.415 2.9706
-0.862 0.351 3.3315
-0.86 -0.962 3.5465
-0.86 -0.086 2.7237
-0.859 0.088 2.8089
-0.853 -0.345 2.9153
-0.845 -0.885 3.259
-0.844 -0.725 2.9057
-0.842 0.37 2.754
-0.842 0.474 3.0684
-0.838 -0.384 2.9745
-0.838 -0.019 2.6856
-0.837 0.511 2.4243
-0.836 0.293 2.9533
-0.831 -0.275 2.829
-0.831 0.535 2.7851
-0.829 0.459 2.7731
-0.826 0.636 3.1354
-0.825 0.568 3.0712
-0.823 -0.778 3.1483
-0.823 0.421 2.8444
-0.821 0.264 2.209
-0.82 0.802 3.264
-0.819 0.037 2.8376
-0.808 0.852 3.6091
-0.807 0.658 3.0302
-0.804 -0.026 2.7429
-0.803 0.693 3.1878
-0.802 0.921 3.0736
-0.799 -0.563 2.2637
-0.797 0.468 2.9548
-0.794 -0.845 3.3662
-0.793 0.43 2.859
-0.793 0.748 3.025
-0.793 0.882 2.6867
-0.792 -0.668 2.3683
-0.791 0.99 2.9003
-0.789 -0.093 2.1322
-0.789 0.007 2.4414
-0.789 0.944 2.9616
-0.788 -0.262 2.4366
-0.783 -0.522 2.4566
-0.782 -0.904 3.2757
-0.781 -0.844 2.9199
-0.779 -0.46 2.5252
-0.779 -0.259 3.1201
-0.778 0.726 2.511
-0.776 0.82 2.8943
-0.774 -0.997 2.9325
-0.773 0.292 2.7856
-0.771 0.486 2.7659
-0.767 -0.841 2.4729
-0.766 -0.162 2.2701
-0.763 0.087 2.6395
-0.761 -0.412 2.7039
-0.76 0.946 2.7067
-0.759 0.758 2.4114
-0.757 0.886 3.0844
-0.754 -0.789 2.6284
-0.754 -0.675 2.6412
-0.754 0.852 2.7958
-0.749 0.664 2.652
-0.749 0.841 3.1584
-0.748 -0.527 3.1423
-0.746 -0.187 2.4631
-0.745 -0.48 2.2065
-0.745 -0.321 2.0265
-0.744 0.336 2.3879
-0.743 -0.831 3.4229
-0.742 -0.342 2.7654
-0.741 -0.974 3.9406
-0.732 -0.252 2.5581
-0.731 0.537 2.4273
-0.73 0.357 2.7896
-0.729 0.512 2.356
-0.728 -0.746 3.1269
-0.727 -0.187 2.0557
-0.726 -0.875 2.7826
-0.724 0.511 2.6685
-0.717 -0.624 2.4705
-0.714 -0.757 2.412
-0.712 0.789 3.113
-0.705 0.261 2.2718
-0.705 0.371 2.1081
-0.702 0.081 2.7635
-0.701 -0.598 2.4557
-0.701 0.938 2.8476
-0.699 -0.492 2.9818
-0.693 -0.314 2.4759
-0.691 -0.674 2.326
-0.69 0.206 2.0455
-0.685 0.265 2.4111
-0.684 -0.914 2.4188
-0.682 -0.518 2.3282
-0.682 0.802 2.5393
-0.681 0.635 2.3897
-0.676 0.306 2.324
-0.675 0.352 2.4362
-0.674 -0.275 2.2437
-0.674 0.014 2.1448
-0.668 0.454 2.4758
-0.668 0.918 2.4146
-0.666 -0.241 2.1425
-0.665 -0.147 2.6882
-0.664 -0.378 2.0982
-0.664 0.916 2.503
-0.663 -0.884 2.605
-0.663 0.771 2.1457
-0.658 -0.324 2.1975
-0.656 -0.476 2.2072
-0.656 0.269 2.5437
-0.655 -0.341 2.2304
-0.652 -0.754 2.9033
-0.652 -0.166 2.1366
-0.649 0.499 2.707
-0.642 -0.802 2.4844
-0.638 0.946 2.9211
-0.632 -0.651 2.0002
-0.632 0.742 1.8461
-0.63 -0.237 2.2241
-0.624 -0.75 2.6784
-0.621 -0.698 2.2283
-0.62 -0.401 2.0836
-0.618 0.128 2.2061
-0.615 0.261 1.8217
-0.614 0.322 2.061
-0.612 -0.362 2.1994
-0.611 -0.522 1.7689
-0.611 -0.431 1.7595
-0.606 -0.772 1.984
-0.603 -0.018 2.1288
-0.599 -0.634 1.9804
-0.599 -0.415 1.8639
-0.595 -0.69 2.2365
-0.594 -0.814 2.0163
-0.593 0.952 2.3348
-0.591 -0.804 1.8162
-0.589 -0.86 2.3387
-0.587 0.154 1.9256
-0.587 0.535 1.9441
-0.587 0.813 2.6342
-0.584 -0.068 1.7725
-0.571 0.73 1.8791
-0.566 0.961 2.1242
-0.565 -0.714 2.3149
-0.562 -0.549 2.0486
-0.561 -0.048 2.045
-0.558 -0.826 2.1617
-0.557 0.945 2.3007
-0.551 -0.389 1.7293
-0.55 -0.2 1.8469
-0.544 0.61 1.7067
-0.543 -0.608 2.1801
-0.543 -0.032 1.8528
-0.541 -0.954 2.3138
-0.538 -0.553 2.0319
-0.538 0.425 2.5477
-0.534 0.252 2.0147
-0.533 -0.408 2.1081
-0.533 0.815 1.9016
-0.532 -0.05 1.7654
-0.531 0.629 1.975
-0.53 0.154 1.5505
-0.529 -0.302 1.4551
-0.528 -0.72 2.3977
-0.528 -0.02 1.833
-0.527 -0.296 2.11
-0.526 0.985 2.0246
-0.525 -0.342 1.7359
-0.521 0.454 2.1058
-0.519 0.518 1.8819
-0.517 -0.647 1.6644
-0.514 0.544 2.1331
-0.513 -0.728 2.3228
-0.513 -0.524 1.7611
-0.511 0.39 1.8162
-0.511 0.464 1.8031
-0.511 0.669 1.7414
-0.509 -0.891 2.6589
-0.507 -0.923 1.7878
-0.506 0.465 1.7244
-0.505 -0.853 2.2242
-0.504 -0.862 1.8499
-0.501 -0.368 1.8582
-0.5 -0.225 1.3821
-0.499 0.377 1.4415
-0.499 0.693 2.063
-0.496 -0.491 1.659
-0.494 -0.053 1.3488
-0.49 -0.63 1.482
-0.488 -0.606 1.9886
-0.482 0.73 1.566
-0.478 0.308 1.3995
-0.477 -0.905 1.8047
-0.477 0.584 1.1625
-0.476 -0.111 1.4309
-0.475 -0.25 1.0367
-0.475 0.428 2.0212
-0.472 -0.497 1.0767
-0.472 0.292 1.311
-0.472 0.415 1.09
-0.47 -0.947 2.0664
-0.466 -0.741 1.0952
-0.463 -0.265 1.6643
-0.462 -0.149 1.2195
-0.462 0.782 1.6093
-0.457 -0.77 1.9717
-0.457 -0.455 1.3882
-0.455 0.593 2.0054
-0.452 0.379 1.1103
-0.451 -0.85 1.3635
-0.45 -0.125 1.8528
-0.444 -0.282 1.2085
-0.444 -0.017 1.5577
-0.441 -0.522 1.4054
-0.44 -0.618 1.6011
-0.44 -0.171 0.80922
-0.437 -0.06 1.088
-0.434 -0.753 1.4188
-0.434 0.067 1.0832
-0.433 -0.886 1.5727
-0.433 0.464 1.3677
-0.432 -0.285 1.0946
-0.432 -0.223 1.2507
-0.431 -0.76 1.5986
-0.431 0.069 1.6209
-0.43 0.439 1.2603
-0.43 0.999 1.3168
-0.427 -0.078 1.1843
-0.426 0.374 1.0017
-0.424 0.789 1.3853
-0.423 -0.111 1.1348
-0.419 0.237 1.0657
-0.417 0.888 1.7555
-0.415 -0.229 1.3885
-0.41 -0.57 1.4637
-0.41 0.904 1.5573
-0.408 -0.03 1.2483
-0.408 0.081 1.0389
-0.404 0.757 1.196
-0.403 0.985 1.3194
-0.4 0.315 1.2662
-0.398 -0.073 1.157
-0.398 0.352 1.4271
-0.397 -0.011 1.1281
-0.396 -0.02 1.1551
-0.395 -0.46 1.4626
-0.393 -0.948 2.0691
-0.392 0.649 1.3362
-0.391 -0.338 1.3101
-0.39 0.392 1.3511
-0.387 -0.978 1.5632
-0.387 -0.914 1.7103
-0.382 0.037 1.01
-0.38 0.731 1.5403
-0.379 0.547 1.6786
-0.376 0.339 0.94583
-0.374 0.312 1.0351
-0.37 -0.735 1.217
-0.368 -0.931 1.3172
-0.364 0.117 1.0952
-0.364 0.662 1.2869
-0.363 0.021 1.2069
-0.357 0.545 1.5413
-0.355 0.737 1.148
-0.354 -0.044 1.35
-0.353 0.408 1.4877
-0.352 0.831 1.3709
-0.351 -0.325 0.97478
-0.347 -0.513 1.1735
-0.344 -0.077 0.62775
-0.344 -0.045 0.8976
-0.344 0.574 0.80578
-0.343 0.519 1.4297
-0.341 0.314 0.83507
-0.336 -0.517 0.73307
-0.336 -0.182 0.97195
-0.336 0.461 0.83839
-0.335 -0.397 0.70758
-0.333 0.557 1.6739
-0.33 0.011 0.70776
-0.33 0.152 0.41983
-0.319 -0.614 0.70008
-0.319 0.596 0.71765
-0.314 0.007 0.4261
-0.313 0.761 1.1543
-0.311 -0.9 1.1207
-0.31 -0.457 1.1638
-0.31 -0.226 0.98465
-0.309 0.209 0.90131
-0.307 -0.272 0.93733
-0.307 0.549 0.67819
-0.306 -0.262 1.2472
-0.303 0.3 0.35384
-0.302 -0.484 0.84826
-0.302 -0.431 0.75248
-0.302 0.422 1.0106
-0.302 0.497 0.86642
-0.298 0.927 0.95473
-0.297 0.489 1.2108
-0.296 -0.583 0.81464
-0.296 0.784 1.1315
-0.292 -0.845 1.0078
-0.289 -0.723 0.77116
-0.286 -0.281 1.1635
-0.285 0.828 1.2207
-0.282 -0.333 0.79629
-0.279 -0.494 1.0824
-0.279 -0.464 0.90801
-0.279 0.376 0.79056
-0.278 0.736 0.5502
-0.274 0.889 0.80345
-0.266 -0.521 0.7402
-0.263 0.71 1.0663
-0.262 -0.804 0.75287
-0.26 0.768 1.2519
-0.256 -0.174 0.61604
-0.252 -0.97 1.3214
-0.252 -0.615 0.94711
-0.252 0.11 0.93477
-0.251 -0.583 0.9593
-0.247 -0.18 0.29162
-0.241 -0.51 0.64372
-0.238 -0.407 0.3167
-0.237 0.213 0.55059
-0.234 -0.151 0.37785
-0.234 0.486 0.17903
-0.233 -0.85 0.99831
-0.23 0.956 0.89039
-0.229 -0.134 0.47138
-0.228 -0.941 0.85514
-0.227 -0.716 0.55679
-0.226 -0.771 0.75597
-0.225 -0.785 1.0718
-0.223 -0.887 0.5559
-0.219 -0.244 0.82557
-0.218 -0.708 0.66944
-0.216 0.621 0.27206
-0.216 0.637 0.85461
-0.215 0.358 0.67387
-0.213 -0.724 0.38233
-0.213 -0.307 0.65784
-0.208 0.925 0.84
-0.206 -0.995 1.3719
-0.204 0.964 0.93724
-0.202 0.792 0.50354
-0.196 -0.014 0.45836
-0.195 0.945 0.81968
-0.191 -0.437 0.47173
-0.19 0.458 0.34453
-0.19 0.647 0.88794
-0.187 -0.734 0.47758
-0.187 -0.397 0.42505
-0.178 0.608 0.76437
-0.177 0.193 0.61776
-0.177 0.291 0.26142
-0.176 -0.15 0.60825
-0.172 0.521 0.74098
-0.171 0.499 0.67624
-0.169 -0.61 0.89379
-0.166 -0.336 0.26051
-0.166 0.188 0.64241
-0.159 -0.659 0.79687
-0.158 -0.649 0.52986
-0.155 -0.096 0.40975
-0.15 -0.212 0.55919
-0.15 -0.083 0.60658
-0.15 0.753 0.29934
-0.148 0.529 0.23422
-0.147 0.338 0.0083067
-0.144 0.466 0.50048
-0.141 -0.995 1.145
-0.14 -0.828 0.82543
-0.138 -0.766 0.64203
-0.138 0.344 0.1475
-0.137 -0.798 0.58507
-0.137 0.279 0.27578
-0.133 -0.062 0.13263
-0.124 -0.129 -0.10436
-0.123 -0.738 0.48902
-0.122 0.058 0.31436
-0.118 -0.464 0.33776
-0.116 -0.576 0.59709
-0.115 -0.698 0.62602
-0.114 -0.984 1.059
-0.113 0.578 0.56141
-0.112 0.36 0.45335
-0.109 0.43 0.11893
-0.105 0.937 0.60368
-0.1 0.863 0.98152
-0.099 -0.738 0.7385
-0.099 0.686 0.33884
-0.093 -0.714 0.15536
-0.093 -0.544 0.042301
-0.09 0.443 -0.32201
-0.086 0.694 0.33911
-0.085 0.744 0.38186
-0.08 -0.37 0.12602
-0.075 -0.539 0.38191
-0.074 0.927 0.53493
-0.074 0.985 0.58845
-0.068 -0.136 0.0092082
-0.067 -0.258 0.29148
-0.065 0.207 0.2188
-0.063 -0.115 -0.043406
-0.061 0.742 0.1999
-0.058 -0.242 -0.18263
-0.055 -0.706 0.19328
-0.055 0.725 0.47915
-0.054 0.423 0.19981
-0.054 0.857 0.19769
-0.052 0.622 0.37083
-0.051 0.374 0.070745
-0.05 0.146 0.037187
-0.044 -0.826 -0.0024672
-0.042 -0.409 -0.017329
-0.038 -0.293 0.22867
-0.036 -0.254 -0.052648
-0.033 -0.588 0.36332
-0.03 0.49 0.048247
-0.029 -0.643 0.015933
-0.026 -0.199 0.01619
-0.022 -0.97 0.27284
-0.022 -0.296 0.41265
-0.02 -0.167 -0.29265
-0.019 0.573 0.51532
-0.016 -0.579 0.20673
-0.015 0.382 0.10494
-0.015 0.984 0.95264
-0.013 0.544 0.024351
-0.011 0.583 -0.095763
-0.01 0.329 -0.4721
-0.009 0.148 0.24446
-0.006 -0.444 0.057003
-0.006 0.562 0.80047
-0.002 -0.202 -0.21747
-0.002 -0.134 0.0768
0.001 0.927 -0.022487
0.003 -0.059 0.016181
0.009 -0.07 -0.10193
0.01 0.887 0.26371
0.016 0.218 -0.1771
0.018 -0.79 0.074958
0.018 -0.775 -0.12962
0.022 -0.822 0.19187
0.023 0.597 0.0046255
0.025 -0.719 -0.2069
0.026 0.199 -0.28292
0.027 0.06 0.034425
0.028 0.259 0.081024
0.029 -0.85 0.029253
0.032 -0.237 0.094976
0.032 -0.196 0.016675
0.034 -0.527 0.30825
0.034 -0.14 0.54834
0.036 0.491 0.41771
0.037 0.018 0.07879
0.038 0.265 -0.24288
0.039 -0.139 0.47934
0.04 -0.802 -0.080619
0.04 0.515 0.24307
0.042 -0.814 0.23366
0.044 0.219 0.10108
0.046 -0.011 -0.1966
0.052 0.38 0.23673
0.054 -0.278 -0.13153
0.055 -0.7 -0.13207
0.055 -0.535 0.14972
0.058 -0.754 0.37201
0.058 0.03 0.18389
0.061 0.435 0.25501
0.062 -0.263 -0.30565
0.063 -0.655 0.65716
0.063 -0.542 0.47601
0.064 -0.586 0.037217
0.067 -0.067 0.024466
0.068 -0.532 -0.030381
0.069 -0.42 -0.21301
0.069 0.649 0.2049
0.071 -0.236 0.09582
0.073 -0.937 0.68035
0.074 0.864 0.27906
0.076 0.86 0.044649
0.077 0.368 0.41499
0.081 -0.324 0.33882
0.087 -0.515 0.15568
0.094 -0.396 0.15618
0.095 -0.984 -0.1822
0.096 0.375 -0.49227
0.097 -0.006 -0.26551
0.099 -0.872 0.33418
0.099 -0.185 0.059899
0.101 0.662 0.3228
0.102 0.674 0.46639
0.103 0.692 0.35209
0.104 0.231 0.045497
0.107 -0.486 0.24823
0.111 -0.478 -0.27497
0.111 0.882 1.0574
0.114 -0.787 0.043523
0.116 -0.563 0.0095158
0.12 0.541 0.021168
0.124 -0.011 0.23353
0.124 0.219 0.24913
0.124 0.251 -0.20025
0.126 0.546 -0.11969
0.128 0.985 0.682
0.129 0.017 0.19013
0.137 -0.286 -0.054401
0.139 0.739 0.61274
0.14 -0.824 0.40065
0.143 0.099 -0.069657
0.149 -0.546 0.58315
0.152 -0.58 -0.10646
0.157 0.058 -0.21185
0.159 0.658 0.73401
0.16 -0.961 0.44069
0.162 0.81 0.23403
0.165 0.23 0.38544
0.165 0.404 0.11353
0.165 0.475 0.035762
0.166 0.844 0.4201
0.167 0.721 0.25237
0.17 -0.587 0.63542
0.173 -0.524 0.079018
0.174 -0.895 0.60029
0.174 -0.142 0.018317
0.174 0.814 0.29308
0.179 -0.077 -0.077922
0.181 0.474 0.25005
0.182 -0.375 0.21442
0.184 0.48 -0.15626
0.185 0.116 -0.024708
0.186 0.339 -0.044235
0.188 0.864 0.38623
0.191 -0.284 -0.080224
0.196 -0.829 0.32965
0.197 -0.499 0.45147
0.198 0.089 -0.033106
0.21 -0.015 0.28328
0.211 -0.887 0.051275
0.211 -0.394 0.28166
0.216 0.432 0.087923
0.217 -0.427 0.40268
0.217 0.905 0.27565
0.218 -0.069 0.35571
0.218 0.856 0.70841
0.223 0.977 0.423
0.226 0.41 -0.016625
0.226 0.987 0.83231
0.228 -0.393 0.082503
0.231 -0.864 0.25666
0.231 -0.153 0.21941
0.233 -0.232 0.64587
0.237 -0.72 0.29784
0.237 -0.149 0.48108
0.239 -0.728 0.12339
0.24 -0.459 0.42799
0.241 0.447 0.0523
0.243 -0.534 0.43567
0.25 -0.369 0.47067
0.253 0.056 0.27307
0.254 0.699 0.39516
0.259 -0.269 0.58301
0.259 0.281 0.45257
0.266 0.193 0.66609
0.268 0.245 0.30061
0.268 0.802 0.62091
0.269 -0.549 0.57023
0.269 0.885 0.15673
0.272 0.555 0.62138
0.273 -0.94 0.18995
0.273 0.591 0.60491
0.273 0.615 0.21283
0.276 -0.947 0.19181
0.277 -0.767 0.5838
0.277 -0.324 -0.064944
0.279 -0.852 1.1246
0.279 0.542 0.42751
0.281 0.385 0.39423
0.283 -0.372 0.38362
0.283 0.74 0.12985
0.286 -0.334 0.072371
0.29 0.326 -0.23385
0.291 -0.978 0.39309
0.292 -0.674 0.24941
0.292 0.53 0.71371
0.293 0.414 0.22884
0.294 0.741 0.32548
0.296 -0.825 0.41566
0.296 0.756 1.1938
0.297 -0.34 0.29796
0.298 -0.653 0.24756
0.302 -0.613 0.78095
0.309 0.534 0.22541
0.312 0.845 0.93481
0.318 -0.027 0.82772
0.319 -0.07 0.085802
0.32 0.758 0.31049
0.323 -0.392 0.38748
0.323 0.233 0.098557
0.326 -0.442 0.60373
0.326 -0.228 -0.024542
0.331 -0.445 0.40901
0.333 -0.654 0.49802
0.333 -0.013 0.30655
0.337 -0.872 0.6249
0.338 -0.208 0.26963
0.343 -0.207 0.85267
0.345 -0.116 0.26037
0.346 -0.655 0.88166
0.349 -0.225 0.27656
0.35 -0.243 0.28617
0.351 -0.321 0.47099
0.351 -0.157 0.061189
0.353 0.267 0.95153
0.356 0.082 0.5987
0.356 0.405 1.0496
0.357 0.658 0.83088
0.357 0.855 0.62814
0.358 0.355 0.7039
0.365 -0.421 0.95975
0.365 -0.182 0.78671
0.367 0.986 0.85045
0.372 -0.092 0.94221
0.374 0.464 0.99782
0.377 0.178 0.51133
0.378 -0.171 0.70284
0.379 -0.463 0.46206
0.379 0.665 0.7776
0.382 -0.288 0.77993
0.384 -0.401 0.52122
0.384 0.106 0.74391
0.384 0.489 0.91949
0.389 -0.694 1.1788
0.39 -0.999 1.0591
0.393 -0.392 0.66126
0.394 -0.612 0.84412
0.395 -0.368 1.164
0.397 0.443 0.83335
0.397 0.999 0.67696
0.398 -0.569 0.89422
0.398 0.902 2.1781
0.402 -0.187 0.78266
0.404 0.535 1.0126
0.406 -0.77 1.1335
0.408 -0.649 0.95154
0.411 0.638 0.61574
0.413 -0.042 0.75531
0.419 -0.893 0.74041
0.423 -0.681 1.1899
0.423 -0.528 1.0407
0.423 0.632 1.1567
0.427 -0.988 1.4222
0.428 0.745 1.1056
0.435 -0.423 1.0212
0.437 -0.346 1.1592
0.442 0.523 1.1281
0.451 -0.291 0.82446
0.452 -0.19 1.0715
0.454 0.498 1.2619
0.454 0.587 0.84366
0.455 -0.485 1.0189
0.456 -0.584 1.1733
0.46 -0.733 1.3351
0.46 -0.322 0.63325
0.462 -0.03 1.2955
0.467 0.144 1.0896
0.468 -0.122 0.95802
0.469 -0.519 1.0617
0.471 -0.226 1.0717
0.471 0.742 1.4617
0.478 -0.513 1.3536
0.48 0.408 0.95854
0.481 0.314 1.3558
0.482 0.94 1.3901
0.483 -0.983 1.0527
0.485 -0.24 1.1355
0.485 0.514 1.3384
0.487 0.418 1.3745
0.489 -0.369 1.7175
0.492 -0.539 1.4319
0.492 -0.422 1.4743
0.494 0.145 0.75449
0.497 -0.474 1.8488
0.5 0.882 1.5693
0.501 -0.755 1.5746
0.503 0.462 1.6855
0.506 0.791 1.3206
0.509 0.8 1.6314
0.514 -0.844 1.1077
0.516 0.498 1.2914
0.517 -0.333 1.3909
0.522 -0.34 1.6406
0.523 -0.276 1.431
0.523 0.749 1.4246
0.527 0.735 1.7515
0.528 0.511 1.56
0.529 -0.949 1.3287
0.529 -0.005 1.5048
0.531 -0.306 1.6482
0.533 -0.771 1.3921
0.539 0.201 2.0234
0.54 -0.003 1.051
0.541 -0.643 1.5004
0.544 0.759 2.0414
0.55 0.741 1.6448
0.553 0.635 2.0904
0.554 -0.203 1.7595
0.555 0.728 2.1376
0.556 -0.691 2.5596
0.556 -0.53 1.4247
0.557 -0.051 1.3836
0.559 -0.987 2.4126
0.559 -0.121 1.8498
0.559 0.434 1.6096
0.564 -0.722 1.9039
0.567 -0.448 1.8083
0.569 -0.663 1.7813
0.571 -0.424 1.8097
0.572 -0.764 2.2614
0.572 -0.612 1.9958
0.573 -0.17 1.8823
0.574 0.512 1.9792
0.575 -0.844 2.0761
0.575 -0.471 2.5536
0.582 -0.06 2.0843
0.583 0.788 2.2661
0.589 0.961 2.4487
0.591 -0.632 1.9028
0.594 -0.068 2.3152
0.595 -0.911 1.8932
0.596 0.89 2.0897
0.597 0.1 2.0449
0.598 -0.795 2.5873
0.601 -0.838 2.1091
0.601 0.337 2.3161
0.604 0.762 2.1996
0.605 -0.419 2.4799
0.606 -0.228 2.5825
0.606 0.029 2.2135
0.607 0.051 1.7899
0.609 0.499 2.436
0.613 -0.126 2.1685
0.615 0.566 2.3063
0.616 -0.661 2.0253
0.616 -0.439 2.3959
0.617 -0.27 2.1522
0.617 -0.121 2.3344
0.621 0.974 2.6289
0.625 0.602 2.6112
0.628 -0.764 2.8584
0.629 0.467 2.4468
0.63 0.743 2.706
0.631 -0.552 2.5621
0.635 -0.287 2.5912
0.636 0.111 2.3117
0.636 0.948 2.5595
0.638 -0.437 2.8652
0.638 -0.199 2.3844
0.639 -0.226 2.4713
0.64 -0.117 3.0978
0.641 0.442 2.2199
0.641 0.848 2.8756
0.642 -0.195 2.1289
0.642 -0.134 2.7637
0.644 0.688 2.9537
0.645 -0.529 2.4321
0.646 0.833 2.6297
0.649 0.484 2.729
0.651 -0.189 2.8078
0.651 0.166 2.2668
0.658 -0.049 2.765
0.659 -0.269 2.6983
0.661 -0.248 2.3072
0.663 -0.306 2.6497
0.663 0.398 2.9337
0.667 -0.485 3.087
0.667 -0.251 2.8313
0.668 -0.531 2.4784
0.669 0.002 2.665
0.669 0.378 2.8499
0.672 -0.731 3.2616
0.674 -0.801 3.0808
0.674 -0.639 2.8823
0.676 0.249 3.0975
0.677 0.828 3.0829
0.678 -0.854 2.7797
0.681 -0.954 3.4751
0.681 -0.343 2.6402
0.682 0.756 2.5849
0.689 -0.949 3.2462
0.691 0.539 3.0046
0.696 -0.931 3.5465
0.697 0.907 3.839
0.704 0.22 2.9597
0.706 -0.031 2.7246
0.711 -0.827 3.4997
0.712 0.169 3.0635
0.713 -0.476 3.4642
0.718 0.852 3.3257
0.721 -0.222 3.2597
0.722 0.684 3.2455
0.723 0.016 3.2162
0.724 -0.518 3.332
0.728 -0.576 3.7352
0.729 -0.995 3.9189
0.73 0.75 3.3958
0.73 0.862 3.9603
0.732 -0.287 3.7906
0.732 0.192 3.2495
0.732 0.564 3.1548
0.732 0.882 4.177
0.735 -0.432 3.2803
0.735 -0.052 3.3415
0.736 -0.858 3.6531
0.736 0.73 3.7334
0.74 0.012 3.2156
0.741 0.97 3.5426
0.744 -0.931 4.2078
0.744 0.637 3.2095
0.747 -0.263 3.7665
0.75 0.702 3.5655
0.754 -0.9 3.6241
0.755 0.494 3.4521
0.76 -0.451 3.7609
0.764 -0.565 4.0319
0.764 -0.482 4.2616
0.767 -0.469 3.7822
0.768 -0.918 4.6092
0.77 0.585 4.5711
0.772 -0.44 3.6675
0.773 -0.774 4.1459
0.773 0.055 4.3123
0.777 0.061 4.2632
0.778 -0.022 4.4181
0.783 -0.281 3.8599
0.788 0.838 3.7247
0.791 -0.703 4.363
0.791 0.456 4.206
0.792 -0.046 4.1758
0.795 -0.002 4.5832
0.795 0.161 4.3331
0.799 -0.203 4.1991
0.799 0.488 4.7797
0.8 0.48 4.557
0.804 0.02 4.2487
0.804 0.443 4.3289
0.805 -0.288 4.2097
0.809 0.487 4.6462
0.812 -0.084 4.1293
0.819 -0.76 4.8631
0.819 0.427 4.6579
0.82 -0.758 4.8604
0.821 -0.99 5.2198
0.821 -0.942 5.2925
0.821 0.869 5.4549
0.824 -0.694 4.8522
0.826 -0.555 4.7328
0.827 -0.205 4.8637
0.827 0.9 5.3125
0.831 0.083 4.5601
0.832 -0.394 4.8511
0.834 0.198 4.4043
0.838 -0.423 4.9635
0.84 -0.732 5.2097
0.843 -0.582 4.9118
0.845 0.357 4.4831
0.846 -0.994 4.9414
0.847 0.4 5.0994
0.85 0.81 5.02
0.851 -0.527 4.9759
0.852 -0.321 4.9695
0.856 0.462 4.9993
0.857 -0.015 4.7998
0.858 -0.792 5.1464
0.862 0.716 5.3175
0.863 -0.147 5.0443
0.865 0.962 5.6336
0.868 -0.696 5.6589
0.87 0.132 4.7886
0.871 0.243 4.8744
0.875 0.122 5.1959
0.877 0.782 5.6886
0.887 0.703 5.707
0.889 -0.981 5.7008
0.891 0.208 5.3725
0.894 -0.467 5.7987
0.894 -0.355 5.3194
0.895 -0.02 5.3154
0.897 0.613 5.4838
0.898 0.765 5.8078
0.899 0.031 5.5455
0.907 -0.433 5.5361
0.907 0.125 5.572
0.909 -0.621 5.0518
0.909 -0.362 5.6694
0.91 -0.084 5.8584
0.913 0.378 5.9708
0.917 -0.548 5.9863
0.919 0.524 5.7027
0.933 -0.599 6.0688
0.933 -0.027 5.7459
0.934 0.724 6.1936
0.938 0.062 6.0724
0.938 0.165 5.9258
0.945 -0.407 6.2876
0.946 0.227 6.1193
0.948 -0.768 7.0278
0.954 0.909 6.9971
0.956 -0.693 6.4111
0.956 0.449 6.6121
0.957 -0.917 6.7914
0.959 -0.056 6.2344
0.959 -0.036 6.4968
0.962 -0.114 6.4892
0.962 0.212 6.0195
0.964 -0.183 6.1371
0.967 0.606 6.7922
0.968 0.077 6.6698
0.969 0.81 6.968
0.971 0.311 6.6231
0.972 0.767 6.9002
0.978 0.134 6.5334
0.984 -0.149 6.9836
0.987 0.692 7.6783
0.988 0.009 6.3556
0.99 0.207 7.2054
0.995 -0.721 7.0119
0.995 0.455 6.9075
0.998 0.298 6.9969
